0.000000000000000000e+00
0.000000000000000000e+00
0.000000000000000000e+00
0.000000000000000000e+00
-1.167276159752470011e-03
1.623776648246789966e-03
1.896636254617653505e-03
1.100530990487028418e-02
-8.838627487143667361e-03
0.000000000000000000e+00
0.000000000000000000e+00
6.571480869354821841e-03
0.000000000000000000e+00
0.000000000000000000e+00
-4.124355379092907448e-02
-8.845571849550454280e-03
4.019322723983233259e-03
-5.475371291246719507e-02
-1.469586665979898121e-03
0.000000000000000000e+00
0.000000000000000000e+00
-1.378787590820874931e-02
0.000000000000000000e+00
0.000000000000000000e+00
0.000000000000000000e+00
9.261304933474837076e-03
8.711296948079774727e-03
0.000000000000000000e+00
0.000000000000000000e+00
0.000000000000000000e+00
0.000000000000000000e+00
6.355997386831485629e-03
0.000000000000000000e+00
5.421058253128940851e-03
-1.067727915478107470e-02
-3.198976935111132180e-02
2.456039837195328479e-02
0.000000000000000000e+00
0.000000000000000000e+00
0.000000000000000000e+00
1.820714689587621393e-02
2.764230858882898989e-02
2.632317025162447810e-02
6.354523133549699887e-03
-1.409786665962249608e-02
0.000000000000000000e+00
1.341017571086770138e-02
-1.654917519700166081e-02
-8.271526389166665438e-03
-7.103963906121502081e-03
-3.323221332648441245e-02
-5.101148635992633351e-03
0.000000000000000000e+00
1.922042489566690160e-02
0.000000000000000000e+00
-4.037770695677177224e-02
0.000000000000000000e+00
0.000000000000000000e+00
0.000000000000000000e+00
0.000000000000000000e+00
1.466825029618411269e-02
0.000000000000000000e+00
0.000000000000000000e+00
3.535395000506184188e-02
2.238241161373025201e-02
0.000000000000000000e+00
-6.423660257085628267e-03
6.374466401272149696e-03
0.000000000000000000e+00
-6.753447136535611905e-04
9.827491550033928824e-03
2.157571236768317247e-03
0.000000000000000000e+00
0.000000000000000000e+00
0.000000000000000000e+00
0.000000000000000000e+00
0.000000000000000000e+00
0.000000000000000000e+00
0.000000000000000000e+00
0.000000000000000000e+00
0.000000000000000000e+00
0.000000000000000000e+00
-5.172964450863674901e-03
0.000000000000000000e+00
0.000000000000000000e+00
0.000000000000000000e+00
0.000000000000000000e+00
-1.205652787841216683e-02
0.000000000000000000e+00
-2.529014350258177932e-02
0.000000000000000000e+00
-1.874422078732215780e-02
-9.504288224984003275e-03
-7.211777949836524482e-03
0.000000000000000000e+00
0.000000000000000000e+00
0.000000000000000000e+00
-1.292823449835182187e-02
-1.036872875417779033e-02
-2.376066104991356870e-02
-9.806036143897370327e-04
-1.024180570453725458e-03
0.000000000000000000e+00
0.000000000000000000e+00
-8.260682679759732971e-03
0.000000000000000000e+00
-1.460325493300744515e-02
0.000000000000000000e+00
0.000000000000000000e+00
0.000000000000000000e+00
-1.045120469841141764e-03
-9.889853219502559023e-04
0.000000000000000000e+00
-5.990537759975114729e-04
-1.837208697839591565e-03
0.000000000000000000e+00
-6.262653012837467170e-03
0.000000000000000000e+00
0.000000000000000000e+00
-3.993644002014115624e-03
8.661304933474833767e-03
8.111296948079771418e-03
0.000000000000000000e+00
2.222495920543166373e-02
0.000000000000000000e+00
2.094318844101535071e-02
2.464142048424104725e-02
-5.631205463812044565e-04
0.000000000000000000e+00
0.000000000000000000e+00
0.000000000000000000e+00
0.000000000000000000e+00
0.000000000000000000e+00
0.000000000000000000e+00
0.000000000000000000e+00
0.000000000000000000e+00
4.414771545409063025e-03
1.403620918961667741e-02
2.100982186350121295e-02
3.428550357024040540e-02
0.000000000000000000e+00
0.000000000000000000e+00
0.000000000000000000e+00
0.000000000000000000e+00
0.000000000000000000e+00
0.000000000000000000e+00
0.000000000000000000e+00
0.000000000000000000e+00
0.000000000000000000e+00
0.000000000000000000e+00
0.000000000000000000e+00
0.000000000000000000e+00
0.000000000000000000e+00
0.000000000000000000e+00
0.000000000000000000e+00
0.000000000000000000e+00
0.000000000000000000e+00
0.000000000000000000e+00
0.000000000000000000e+00
0.000000000000000000e+00
1.098537269789691406e-02
3.251598125583551879e-03
1.022858109236346458e-02
2.352212509598256007e-02
3.672169437911550205e-02
2.730348368886821586e-02
4.734821212075045194e-03
6.058277284187035816e-04
-2.481938770146052339e-02
-7.364308890983238542e-03
