-3.983147750675725823e-02
-3.975926822902772079e-02
-3.975491184064656319e-02
-3.976286972576354578e-02
-3.976727615975247238e-02
-4.002622335175320956e-02
-3.975336374538234602e-02
5.055309904870283755e-03
-3.883862748714366625e-02
-3.717269792841900594e-02
-4.096307079055613171e-02
-4.342851913064517400e-02
-3.893267396284429138e-02
-5.113597406151663971e-02
-7.804355379092907385e-02
-5.724557184955045286e-02
-5.868067727601677247e-02
-7.515371291246719654e-02
-3.996958666597990456e-02
-5.957867333137508575e-02
-7.822991249424451898e-02
-7.878787590820875153e-02
-8.717793041684417099e-02
-7.619539191313841331e-02
-6.946967935104893244e-02
-7.573869506652516903e-02
-8.128870305192022194e-02
-7.805479505445692134e-02
-7.208692447218387200e-02
-7.462104242947965871e-02
-7.369106827905359813e-02
-7.264400261316851515e-02
-7.123904480919597548e-02
-7.357894174687105993e-02
-7.467727915478107603e-02
-6.798976935111132602e-02
-7.543960162804672076e-02
-7.288891802656208285e-02
-7.304480539654076288e-02
-6.808371908766312763e-02
-7.179285310412378274e-02
-7.535769141117101833e-02
-7.067682974837552479e-02
-7.464547686645028879e-02
-8.509786665962250363e-02
-7.274447371647640992e-02
-4.758982428913229729e-02
-4.354917519700166051e-02
-4.827152638916667321e-02
-4.710396390612150985e-02
-4.723221332648441101e-02
-4.510114863599264112e-02
-7.789940594744425295e-02
-6.877957510433309329e-02
-8.329278249057119055e-02
-8.337770695677176880e-02
-7.210890065325072096e-02
-8.078227569015306031e-02
-8.112168026380123242e-02
-8.270985963264963770e-02
-7.633174970381589874e-02
-8.308073164659036947e-02
-6.287663496434595101e-02
-5.264604999493815302e-02
-7.261758838626974910e-02
-5.684936854994426109e-02
-7.242366025708563138e-02
-6.562553359872784486e-02
-6.495246425401482449e-02
-6.067534471365355897e-02
-6.217250844996606574e-02
-3.921242876323168675e-02
-4.041993742583111643e-02
-4.046602167968117031e-02
-4.054469559746840673e-02
-3.892831670280172407e-02
-3.884826137539290625e-02
-3.879531438286918515e-02
-3.876579385603948213e-02
-3.876113735564693658e-02
-3.874790417630346456e-02
-3.888627015624966654e-02
-5.496296445086367582e-02
-4.413554097701853640e-02
-4.539969746098368453e-02
-2.770662895498464395e-02
-3.133877437715752029e-02
-3.415652787841216842e-02
-3.296945083457703679e-02
-3.439014350258177977e-02
-3.114995394207504750e-02
-6.544422078732216319e-02
-3.650428822498400644e-02
-4.121177794983652692e-02
-5.308431819660754114e-02
-5.160715941498049408e-02
-5.679655992621199939e-02
-6.892823449835182303e-02
-6.536872875417779061e-02
-6.176066104991357469e-02
-5.398060361438974247e-02
-6.002418057045372929e-02
-5.402233385777723690e-02
-5.671920423731327543e-02
-6.326068267975973325e-02
-6.021734027032242531e-02
-6.360325493300744704e-02
-5.282102012989694367e-02
-5.268738435989402114e-02
-5.995568893779621572e-02
-5.604512046984114204e-02
-6.098898532195026062e-02
-5.636191484056687212e-02
-5.659905377599751264e-02
-5.483720869783959700e-02
-5.159008935970545162e-02
-6.526265301283747100e-02
-5.982528816925095083e-02
-5.704266191137637859e-02
-6.199364400201411163e-02
-7.573869506652516903e-02
-8.128870305192022194e-02
-8.717793041684417099e-02
-1.907504079456833965e-02
-5.216588394459360789e-02
-7.056811558984651608e-03
-8.258579515758949705e-03
-4.476312054638120763e-02
-4.500416327511064241e-02
-4.514583532204150679e-02
-4.522947746112915279e-02
-4.531377455037167989e-02
-4.535522721185190204e-02
-4.538158612291110644e-02
-4.541702650638096417e-02
-4.542292426297554753e-02
-4.318522845459094039e-02
-4.546379081038332687e-02
-4.549017813649879061e-02
-4.551449642975960441e-02
-4.370391073451962427e-02
-4.414698673208410779e-02
-4.448653262002781605e-02
-4.552781451389521089e-02
-4.569024852499781880e-02
-4.580848232170169759e-02
-4.593631873771793911e-02
-4.605471720750602127e-02
-4.615303427134538616e-02
-4.624063630497608074e-02
-4.631539153973319306e-02
-4.620158480621212177e-02
-4.649016441487183182e-02
-4.680742387826745260e-02
-4.710017458857396894e-02
-4.733682453072551866e-02
-4.750984125155845866e-02
-4.763929618659722837e-02
-4.772640200970595242e-02
-4.778642020821781411e-02
-4.781462730210309098e-02
-4.784840187441644077e-02
-4.787141890763654123e-02
-4.787787490401744506e-02
-4.727830562088448929e-02
-4.689651631113177233e-02
-4.356517878792496440e-02
-4.769417227158130601e-02
-3.541238770146052511e-02
-4.190430889098323286e-02
