-7.875669999999999504e+01 -1.142500000000000071e+01 -4.200000000000000261e-02 1.000000000000000000e+00 1.000000000000000000e+00 4.240000000000000713e-03
-7.875669999999999504e+01 -1.141000000000000014e+01 -4.000000000000000083e-02 1.000000000000000000e+00 1.000000000000000000e+00 4.080000000000000293e-03
-7.876500000000000057e+01 -1.141329999999999956e+01 -4.100000000000000172e-02 1.000000000000000000e+00 1.000000000000000000e+00 4.160000000000000503e-03
-7.876500000000000057e+01 -1.141499999999999915e+01 -4.200000000000000261e-02 1.000000000000000000e+00 1.000000000000000000e+00 4.320000000000000055e-03
-7.879829999999999757e+01 -1.142500000000000071e+01 -3.500000000000000333e-02 1.000000000000000000e+00 1.000000000000000000e+00 3.600000000000000335e-03
-7.921169999999999334e+01 -1.115169999999999995e+01 -4.900000000000000189e-02 1.000000000000000000e+00 1.000000000000000000e+00 7.349999999999999763e-03
-7.920000000000000284e+01 -1.114170000000000016e+01 -4.900000000000000189e-02 1.000000000000000000e+00 1.000000000000000000e+00 7.349999999999999763e-03
-7.997830000000000439e+01 -1.042329999999999934e+01 -7.000000000000000146e-03 1.000000000000000000e+00 1.000000000000000000e+00 1.050000000000000152e-03
-7.827160000000000650e+01 -1.106300000000000061e+01 -2.750000000000000014e-02 2.000000000000000000e+00 1.000000000000000000e+00 2.500000000000000052e-03
-7.807779999999999632e+01 -1.106499999999999950e+01 -4.499999999999999833e-02 2.000000000000000000e+00 1.000000000000000000e+00 2.500000000000000139e-02
-7.689149999999999352e+01 -1.348019999999999996e+01 -4.499999999999999833e-02 2.000000000000000000e+00 1.000000000000000000e+00 9.130000000000000962e-03
-7.699049999999999727e+01 -1.286299999999999955e+01 -5.999999999999999778e-02 2.000000000000000000e+00 1.000000000000000000e+00 1.000000000000000021e-02
-7.894280000000000541e+01 -1.153759999999999941e+01 -4.599999999999999922e-02 2.000000000000000000e+00 1.000000000000000000e+00 9.130000000000000962e-03
-7.675000000000000000e+01 -1.048329999999999984e+01 -1.700000000000000122e-02 3.000000000000000000e+00 2.000000000000000000e+00 1.700000000000000122e-04
-7.659999999999999432e+01 -1.268329999999999913e+01 -3.500000000000000333e-02 3.000000000000000000e+00 2.000000000000000000e+00 3.499999999999999964e-04
-7.076670000000000016e+01 -1.706670000000000087e+01 -5.700000000000000205e-02 3.000000000000000000e+00 2.000000000000000000e+00 5.699999999999999772e-04
-7.156669999999999732e+01 -1.655000000000000071e+01 -4.399999999999999745e-02 3.000000000000000000e+00 2.000000000000000000e+00 4.400000000000000157e-04
-7.065000000000000568e+01 -1.726670000000000016e+01 -6.600000000000000311e-02 3.000000000000000000e+00 2.000000000000000000e+00 6.599999999999999964e-04
-7.375000000000000000e+01 -1.551670000000000016e+01 -4.399999999999999745e-02 3.000000000000000000e+00 2.000000000000000000e+00 4.400000000000000157e-04
-7.134999999999999432e+01 -1.490000000000000036e+01 -3.200000000000000067e-02 3.000000000000000000e+00 2.000000000000000000e+00 3.200000000000000262e-04
-6.956669999999999732e+01 -2.625000000000000000e+01 -7.499999999999999722e-02 3.000000000000000000e+00 2.000000000000000000e+00 7.500000000000000156e-04
-7.029999999999999716e+01 -2.653330000000000055e+01 -1.000000000000000021e-02 3.000000000000000000e+00 2.000000000000000000e+00 1.000000000000000048e-04
-7.034999999999999432e+01 -2.710000000000000142e+01 -3.600000000000000422e-02 3.000000000000000000e+00 2.000000000000000000e+00 3.599999999999999685e-04
-7.038330000000000553e+01 -2.726670000000000016e+01 -3.600000000000000422e-02 3.000000000000000000e+00 2.000000000000000000e+00 3.599999999999999685e-04
-7.088330000000000553e+01 -2.808330000000000126e+01 -2.100000000000000130e-02 3.000000000000000000e+00 2.000000000000000000e+00 2.100000000000000087e-04
-7.071670000000000300e+01 -2.808330000000000126e+01 -2.299999999999999961e-02 3.000000000000000000e+00 2.000000000000000000e+00 2.300000000000000070e-04
-7.075000000000000000e+01 -3.333330000000000126e+01 -7.900000000000000078e-02 3.000000000000000000e+00 2.000000000000000000e+00 7.900000000000000121e-04
-7.016670000000000584e+01 -3.346670000000000300e+01 -6.099999999999999867e-02 3.000000000000000000e+00 2.000000000000000000e+00 6.099999999999999737e-04
-6.875000000000000000e+01 -3.325000000000000000e+01 -6.300000000000000044e-02 3.000000000000000000e+00 2.000000000000000000e+00 6.300000000000000261e-04
-6.658329999999999416e+01 -2.103330000000000055e+01 -7.499999999999999722e-02 3.000000000000000000e+00 2.000000000000000000e+00 7.500000000000000156e-04
-6.773329999999999984e+01 -1.641669999999999874e+01 -6.800000000000000488e-02 3.000000000000000000e+00 2.000000000000000000e+00 6.800000000000000488e-04
-6.823329999999999984e+01 -1.756670000000000087e+01 -7.299999999999999545e-02 3.000000000000000000e+00 2.000000000000000000e+00 7.299999999999999632e-04
-6.681669999999999732e+01 -1.816669999999999874e+01 -8.999999999999999667e-02 3.000000000000000000e+00 2.000000000000000000e+00 9.000000000000000838e-04
-6.658329999999999416e+01 -1.841669999999999874e+01 -6.600000000000000311e-02 3.000000000000000000e+00 2.000000000000000000e+00 6.599999999999999964e-04
-6.901670000000000016e+01 -1.578330000000000055e+01 -9.900000000000000466e-02 3.000000000000000000e+00 2.000000000000000000e+00 9.899999999999999946e-04
-6.904999999999999716e+01 -1.576670000000000016e+01 -1.059999999999999970e-01 3.000000000000000000e+00 2.000000000000000000e+00 1.060000000000000178e-03
-6.613330000000000553e+01 -2.116669999999999874e+01 -9.400000000000000022e-02 3.000000000000000000e+00 2.000000000000000000e+00 9.399999999999999719e-04
-6.668330000000000268e+01 -2.218560000000000088e+01 -9.400000000000000022e-02 3.000000000000000000e+00 2.000000000000000000e+00 9.399999999999999719e-04
-6.606669999999999732e+01 -2.089999999999999858e+01 -7.000000000000000666e-02 3.000000000000000000e+00 2.000000000000000000e+00 6.999999999999999929e-04
-6.718330000000000268e+01 -1.938329999999999842e+01 -8.300000000000000433e-02 3.000000000000000000e+00 2.000000000000000000e+00 8.300000000000000086e-04
-6.604999999999999716e+01 -2.125000000000000000e+01 -7.000000000000000666e-02 3.000000000000000000e+00 2.000000000000000000e+00 6.999999999999999929e-04
-6.683329999999999416e+01 -1.846669999999999945e+01 -1.089999999999999997e-01 3.000000000000000000e+00 2.000000000000000000e+00 1.090000000000000040e-03
-6.683329999999999416e+01 -1.828330000000000055e+01 -1.120000000000000023e-01 3.000000000000000000e+00 2.000000000000000000e+00 1.120000000000000119e-03
-6.713330000000000553e+01 -1.738329999999999842e+01 -7.499999999999999722e-02 3.000000000000000000e+00 2.000000000000000000e+00 7.500000000000000156e-04
-6.321670000000000300e+01 -1.930000000000000071e+01 -5.399999999999999939e-02 3.000000000000000000e+00 2.000000000000000000e+00 5.400000000000000069e-04
-6.356669999999999732e+01 -2.001670000000000016e+01 -3.300000000000000155e-02 3.000000000000000000e+00 2.000000000000000000e+00 3.299999999999999982e-04
-6.351830000000000354e+01 -2.041890000000000072e+01 -5.500000000000000028e-02 3.000000000000000000e+00 2.000000000000000000e+00 5.500000000000000331e-04
-6.318330000000000268e+01 -2.093329999999999913e+01 -5.000000000000000278e-02 3.000000000000000000e+00 2.000000000000000000e+00 5.000000000000000104e-04
-6.345000000000000284e+01 -2.098329999999999984e+01 -4.700000000000000011e-02 3.000000000000000000e+00 2.000000000000000000e+00 4.699999999999999859e-04
-6.428329999999999700e+01 -2.276670000000000016e+01 -2.699999999999999969e-02 3.000000000000000000e+00 2.000000000000000000e+00 2.700000000000000035e-04
-6.300189999999999912e+01 -1.793420000000000059e+01 -5.299999999999999850e-02 3.000000000000000000e+00 2.000000000000000000e+00 5.300000000000000891e-04
-6.353329999999999700e+01 -1.753330000000000055e+01 -5.000000000000000278e-02 3.000000000000000000e+00 2.000000000000000000e+00 5.000000000000000104e-04
-6.326670000000000016e+01 -1.751670000000000016e+01 -5.600000000000000117e-02 3.000000000000000000e+00 2.000000000000000000e+00 5.600000000000000594e-04
-6.406669999999999732e+01 -1.710000000000000142e+01 -5.900000000000000383e-02 3.000000000000000000e+00 2.000000000000000000e+00 5.900000000000000296e-04
-7.375000000000000000e+01 -1.551670000000000016e+01 -4.399999999999999745e-02 4.000000000000000000e+00 2.000000000000000000e+00 8.800000000000000530e-03
-7.134999999999999432e+01 -1.490000000000000036e+01 -3.200000000000000067e-02 4.000000000000000000e+00 2.000000000000000000e+00 4.799999999999999580e-03
-7.156669999999999732e+01 -1.655000000000000071e+01 -4.399999999999999745e-02 4.000000000000000000e+00 2.000000000000000000e+00 4.400000000000000265e-03
-7.065000000000000568e+01 -1.726670000000000016e+01 -6.600000000000000311e-02 4.000000000000000000e+00 2.000000000000000000e+00 3.299999999999999982e-03
-7.675000000000000000e+01 -1.048329999999999984e+01 -1.700000000000000122e-02 4.000000000000000000e+00 2.000000000000000000e+00 3.399999999999999811e-03
-7.659999999999999432e+01 -1.268329999999999913e+01 -3.500000000000000333e-02 4.000000000000000000e+00 2.000000000000000000e+00 3.500000000000000073e-03
-7.076670000000000016e+01 -1.706670000000000087e+01 -5.700000000000000205e-02 4.000000000000000000e+00 2.000000000000000000e+00 8.550000000000000308e-03
-7.141700000000000159e+01 -1.490000000000000036e+01 -7.499999999999999722e-02 5.000000000000000000e+00 3.000000000000000000e+00 1.499999999999999944e-02
-7.029999999999999716e+01 -1.693299999999999983e+01 -5.000000000000000278e-02 5.000000000000000000e+00 3.000000000000000000e+00 1.499999999999999944e-02
-7.134999999999999432e+01 -1.490000000000000036e+01 -3.200000000000000067e-02 5.000000000000000000e+00 3.000000000000000000e+00 1.499999999999999944e-02
-6.654999999999999716e+01 -2.437000000000000099e+01 -1.000000000000000056e-01 5.000000000000000000e+00 3.000000000000000000e+00 1.499999999999999944e-02
-6.846699999999999875e+01 -2.769999999999999929e+01 -8.170000000000000873e-02 5.000000000000000000e+00 3.000000000000000000e+00 1.499999999999999944e-02
-6.833299999999999841e+01 -2.803300000000000125e+01 -7.799999999999999989e-02 5.000000000000000000e+00 3.000000000000000000e+00 1.499999999999999944e-02
-6.837000000000000455e+01 -2.733299999999999841e+01 -1.000000000000000056e-01 5.000000000000000000e+00 3.000000000000000000e+00 1.499999999999999944e-02
-6.808299999999999841e+01 -2.692000000000000171e+01 -1.049999999999999961e-01 5.000000000000000000e+00 3.000000000000000000e+00 1.499999999999999944e-02
-6.876699999999999591e+01 -2.791700000000000159e+01 -7.699999999999999900e-02 5.000000000000000000e+00 3.000000000000000000e+00 1.499999999999999944e-02
-6.658299999999999841e+01 -2.103300000000000125e+01 -7.499999999999999722e-02 5.000000000000000000e+00 3.000000000000000000e+00 1.499999999999999944e-02
-6.823300000000000409e+01 -1.765700000000000003e+01 -7.299999999999999545e-02 5.000000000000000000e+00 3.000000000000000000e+00 1.499999999999999944e-02
-6.604999999999999716e+01 -2.125000000000000000e+01 -7.000000000000000666e-02 5.000000000000000000e+00 3.000000000000000000e+00 1.499999999999999944e-02
-6.668300000000000693e+01 -2.130000000000000071e+01 -9.400000000000000022e-02 5.000000000000000000e+00 3.000000000000000000e+00 1.499999999999999944e-02
-6.718300000000000693e+01 -1.938299999999999912e+01 -8.300000000000000433e-02 5.000000000000000000e+00 3.000000000000000000e+00 1.499999999999999944e-02
-6.613299999999999557e+01 -2.116700000000000159e+01 -9.400000000000000022e-02 5.000000000000000000e+00 3.000000000000000000e+00 1.499999999999999944e-02
-6.950000000000000000e+01 -1.550000000000000000e+01 -5.500000000000000028e-02 5.000000000000000000e+00 3.000000000000000000e+00 9.000000000000001055e-03
-6.428300000000000125e+01 -2.276699999999999946e+01 -2.699999999999999969e-02 5.000000000000000000e+00 3.000000000000000000e+00 9.000000000000001055e-03
-6.683299999999999841e+01 -1.846699999999999875e+01 -1.089999999999999997e-01 5.000000000000000000e+00 3.000000000000000000e+00 9.000000000000001055e-03
-6.658299999999999841e+01 -1.841700000000000159e+01 -6.600000000000000311e-02 5.000000000000000000e+00 3.000000000000000000e+00 9.000000000000001055e-03
-6.773300000000000409e+01 -1.641700000000000159e+01 -6.800000000000000488e-02 5.000000000000000000e+00 3.000000000000000000e+00 9.000000000000001055e-03
-6.713299999999999557e+01 -1.738299999999999912e+01 -7.499999999999999722e-02 5.000000000000000000e+00 3.000000000000000000e+00 9.000000000000001055e-03
-6.901699999999999591e+01 -1.578299999999999947e+01 -9.900000000000000466e-02 5.000000000000000000e+00 3.000000000000000000e+00 9.000000000000001055e-03
-6.683299999999999841e+01 -1.828300000000000125e+01 -1.120000000000000023e-01 5.000000000000000000e+00 3.000000000000000000e+00 9.000000000000001055e-03
-6.904999999999999716e+01 -1.576699999999999946e+01 -1.059999999999999970e-01 5.000000000000000000e+00 3.000000000000000000e+00 9.000000000000001055e-03
-6.681699999999999307e+01 -1.816700000000000159e+01 -8.999999999999999667e-02 5.000000000000000000e+00 3.000000000000000000e+00 9.000000000000001055e-03
-6.753300000000000125e+01 -1.706700000000000017e+01 -6.199999999999999956e-02 5.000000000000000000e+00 3.000000000000000000e+00 9.000000000000001055e-03
-7.004999999999999716e+01 -3.527000000000000313e+01 -1.020000000000000073e-01 5.000000000000000000e+00 3.000000000000000000e+00 1.800000000000000211e-02
-7.041700000000000159e+01 -3.341700000000000159e+01 -7.799999999999999989e-02 5.000000000000000000e+00 3.000000000000000000e+00 1.800000000000000211e-02
-7.004999999999999716e+01 -3.383299999999999841e+01 -1.010000000000000064e-01 5.000000000000000000e+00 3.000000000000000000e+00 1.800000000000000211e-02
-7.066700000000000159e+01 -3.345000000000000284e+01 -9.299999999999999933e-02 5.000000000000000000e+00 3.000000000000000000e+00 1.800000000000000211e-02
-7.063299999999999557e+01 -3.316700000000000159e+01 -9.700000000000000289e-02 5.000000000000000000e+00 3.000000000000000000e+00 1.800000000000000211e-02
-7.016700000000000159e+01 -3.346699999999999875e+01 -6.099999999999999867e-02 5.000000000000000000e+00 3.000000000000000000e+00 1.800000000000000211e-02
-7.075000000000000000e+01 -3.333299999999999841e+01 -7.900000000000000078e-02 5.000000000000000000e+00 3.000000000000000000e+00 1.800000000000000211e-02
-7.075000000000000000e+01 -3.333299999999999841e+01 -8.999999999999999667e-02 5.000000000000000000e+00 3.000000000000000000e+00 1.800000000000000211e-02
-7.071699999999999875e+01 -2.808299999999999841e+01 -2.299999999999999961e-02 5.000000000000000000e+00 3.000000000000000000e+00 4.000000000000000083e-03
-7.034999999999999432e+01 -2.710000000000000142e+01 -3.600000000000000422e-02 5.000000000000000000e+00 3.000000000000000000e+00 4.000000000000000083e-03
-7.038299999999999557e+01 -2.726699999999999946e+01 -3.600000000000000422e-02 5.000000000000000000e+00 3.000000000000000000e+00 4.000000000000000083e-03
-7.029999999999999716e+01 -2.653300000000000125e+01 -1.000000000000000021e-02 5.000000000000000000e+00 3.000000000000000000e+00 4.000000000000000083e-03
-7.158299999999999841e+01 -3.071699999999999875e+01 -7.200000000000000844e-02 5.000000000000000000e+00 3.000000000000000000e+00 4.000000000000000083e-03
-7.083299999999999841e+01 -2.898300000000000054e+01 -3.600000000000000422e-02 5.000000000000000000e+00 3.000000000000000000e+00 4.000000000000000083e-03
-7.116700000000000159e+01 -3.992000000000000171e+01 -5.999999999999999778e-02 5.000000000000000000e+00 3.000000000000000000e+00 2.199999999999999872e-02
-7.228300000000000125e+01 -4.020000000000000284e+01 -1.100000000000000006e-01 5.000000000000000000e+00 3.000000000000000000e+00 2.199999999999999872e-02
-7.033299999999999841e+01 -3.527000000000000313e+01 -8.799999999999999489e-02 5.000000000000000000e+00 3.000000000000000000e+00 1.300000000000000114e-02
-7.075000000000000000e+01 -3.650000000000000000e+01 -2.999999999999999889e-02 5.000000000000000000e+00 3.000000000000000000e+00 1.300000000000000114e-02
-6.931999999999999318e+01 -2.869999999999999929e+01 -7.200000000000000844e-02 5.000000000000000000e+00 3.000000000000000000e+00 1.300000000000000114e-02
-6.987000000000000455e+01 -3.517000000000000171e+01 -8.500000000000000611e-02 5.000000000000000000e+00 3.000000000000000000e+00 1.300000000000000114e-02
-6.996999999999999886e+01 -3.517000000000000171e+01 -8.500000000000000611e-02 5.000000000000000000e+00 3.000000000000000000e+00 1.300000000000000114e-02
-6.967000000000000171e+01 -2.932000000000000028e+01 -7.599999999999999811e-02 5.000000000000000000e+00 3.000000000000000000e+00 1.300000000000000114e-02
-7.112999999999999545e+01 -3.757999999999999829e+01 -8.000000000000000167e-02 5.000000000000000000e+00 3.000000000000000000e+00 1.300000000000000114e-02
-6.993000000000000682e+01 -3.267999999999999972e+01 -7.000000000000000666e-02 5.000000000000000000e+00 3.000000000000000000e+00 1.300000000000000114e-02
-7.004999999999999716e+01 -3.475000000000000000e+01 -1.040000000000000091e-01 5.000000000000000000e+00 3.000000000000000000e+00 1.300000000000000114e-02
-7.108299999999999841e+01 -3.752000000000000313e+01 -9.500000000000000111e-02 5.000000000000000000e+00 3.000000000000000000e+00 1.300000000000000114e-02
-6.956699999999999307e+01 -2.625000000000000000e+01 -7.499999999999999722e-02 5.000000000000000000e+00 3.000000000000000000e+00 4.100000000000000172e-02
-6.920000000000000284e+01 -1.968299999999999983e+01 -1.120000000000000023e-01 5.000000000000000000e+00 3.000000000000000000e+00 2.400000000000000050e-02
-6.928300000000000125e+01 -1.821699999999999875e+01 -1.190000000000000085e-01 5.000000000000000000e+00 3.000000000000000000e+00 2.400000000000000050e-02
-7.159999999999999432e+01 -1.650000000000000000e+01 -4.100000000000000172e-02 5.000000000000000000e+00 3.000000000000000000e+00 2.400000000000000050e-02
-7.156699999999999307e+01 -1.655000000000000071e+01 -4.399999999999999745e-02 5.000000000000000000e+00 3.000000000000000000e+00 2.400000000000000050e-02
-7.659999999999999432e+01 -1.268299999999999983e+01 -3.500000000000000333e-02 5.000000000000000000e+00 3.000000000000000000e+00 2.400000000000000050e-02
-7.076699999999999591e+01 -1.706700000000000017e+01 -5.700000000000000205e-02 5.000000000000000000e+00 3.000000000000000000e+00 2.400000000000000050e-02
-7.051699999999999591e+01 -1.685000000000000142e+01 -4.200000000000000261e-02 5.000000000000000000e+00 3.000000000000000000e+00 2.400000000000000050e-02
-7.065000000000000568e+01 -1.726699999999999946e+01 -7.499999999999999722e-02 5.000000000000000000e+00 3.000000000000000000e+00 2.400000000000000050e-02
-6.261699999999999733e+01 -3.964999999999999858e+01 -7.699999999999999900e-02 5.000000000000000000e+00 3.000000000000000000e+00 5.000000000000000104e-03
-6.270000000000000284e+01 -3.950000000000000000e+01 -6.900000000000000577e-02 5.000000000000000000e+00 3.000000000000000000e+00 5.000000000000000104e-03
-6.229999999999999716e+01 -3.832000000000000028e+01 -5.500000000000000028e-02 5.000000000000000000e+00 3.000000000000000000e+00 5.000000000000000104e-03
-6.325000000000000000e+01 -3.868299999999999983e+01 -7.699999999999999900e-02 5.000000000000000000e+00 3.000000000000000000e+00 5.000000000000000104e-03
-7.887810000000000343e+01 -1.118650000000000055e+01 -5.909999999999999976e-02 6.000000000000000000e+00 4.000000000000000000e+00 2.954999999999999728e-04
-7.868200000000000216e+01 -1.111449999999999960e+01 -3.590000000000000135e-02 6.000000000000000000e+00 4.000000000000000000e+00 1.794999999999999992e-04
-7.867730000000000246e+01 -1.111280000000000001e+01 -4.110000000000000459e-02 6.000000000000000000e+00 4.000000000000000000e+00 2.054999999999999806e-04
-7.866880000000000450e+01 -1.110880000000000045e+01 -3.470000000000000168e-02 6.000000000000000000e+00 4.000000000000000000e+00 1.734999999999999889e-04
-7.895740000000000691e+01 -1.158270000000000088e+01 -4.839999999999999858e-02 6.000000000000000000e+00 4.000000000000000000e+00 2.420000000000000005e-04
-7.895019999999999527e+01 -1.157709999999999972e+01 -4.510000000000000120e-02 6.000000000000000000e+00 4.000000000000000000e+00 2.255000000000000060e-04
-7.894320000000000448e+01 -1.157119999999999926e+01 -4.229999999999999732e-02 6.000000000000000000e+00 4.000000000000000000e+00 2.114999999999999910e-04
-7.893619999999999948e+01 -1.156589999999999918e+01 -4.710000000000000298e-02 6.000000000000000000e+00 4.000000000000000000e+00 2.355000000000000051e-04
-7.892889999999999873e+01 -1.155990000000000073e+01 -5.170000000000000290e-02 6.000000000000000000e+00 4.000000000000000000e+00 2.584999999999999950e-04
-7.892180000000000462e+01 -1.157070000000000043e+01 -5.200000000000000455e-02 6.000000000000000000e+00 4.000000000000000000e+00 2.600000000000000314e-04
-7.890649999999999409e+01 -1.154180000000000028e+01 -5.539999999999999786e-02 6.000000000000000000e+00 4.000000000000000000e+00 2.770000000000000110e-04
-7.444979999999999620e+01 -4.100010000000000332e+01 -3.830000000000000071e-02 8.000000000000000000e+00 4.000000000000000000e+00 3.799999999999999992e-03
-7.368170000000000641e+01 -3.621920000000000073e+01 -3.490000000000000047e-02 8.000000000000000000e+00 4.000000000000000000e+00 3.399999999999999811e-03
-7.356640000000000157e+01 -3.615990000000000038e+01 -3.570000000000000256e-02 8.000000000000000000e+00 4.000000000000000000e+00 3.500000000000000073e-03
-7.080029999999999291e+01 -2.197869999999999990e+01 -3.550000000000000377e-02 9.000000000000000000e+00 4.000000000000000000e+00 7.799999999999999642e-03
-7.071840000000000259e+01 -2.218969999999999843e+01 -4.300000000000000350e-02 9.000000000000000000e+00 4.000000000000000000e+00 1.300000000000000114e-02
-7.083150000000000546e+01 -2.375870000000000104e+01 -1.700000000000000122e-02 9.000000000000000000e+00 4.000000000000000000e+00 2.799999999999999972e-03
-7.098890000000000100e+01 -2.397259999999999991e+01 -3.780000000000000027e-02 9.000000000000000000e+00 4.000000000000000000e+00 9.700000000000000289e-03
-7.080459999999999354e+01 -2.376320000000000121e+01 -7.000000000000000146e-03 9.000000000000000000e+00 4.000000000000000000e+00 1.600000000000000077e-03
-7.105339999999999634e+01 -2.342040000000000077e+01 -2.750000000000000014e-02 9.000000000000000000e+00 4.000000000000000000e+00 5.499999999999999681e-03
-6.823160000000000025e+01 -2.328000000000000114e+01 -1.700000000000000122e-02 1.000000000000000000e+01 2.000000000000000000e+00 2.970000000000000070e-02
-7.018160000000000309e+01 -2.267830000000000013e+01 -2.489999999999999852e-02 1.000000000000000000e+01 2.000000000000000000e+00 2.970000000000000070e-02
-7.009329999999999927e+01 -2.343329999999999913e+01 -5.500000000000000028e-02 1.000000000000000000e+01 2.000000000000000000e+00 2.970000000000000070e-02
-6.891500000000000625e+01 -2.237160000000000082e+01 -4.700000000000000011e-02 1.000000000000000000e+01 2.000000000000000000e+00 2.970000000000000070e-02
-6.907829999999999870e+01 -2.426500000000000057e+01 -3.799999999999999906e-02 1.000000000000000000e+01 2.000000000000000000e+00 2.970000000000000070e-02
-6.341830000000000211e+01 -1.887999999999999901e+01 -4.000000000000000083e-02 1.000000000000000000e+01 2.000000000000000000e+00 2.970000000000000070e-02
-6.434829999999999472e+01 -2.268159999999999954e+01 -3.899999999999999994e-02 1.000000000000000000e+01 2.000000000000000000e+00 2.970000000000000070e-02
-6.348830000000000240e+01 -2.112330000000000041e+01 -3.799999999999999906e-02 1.000000000000000000e+01 2.000000000000000000e+00 2.970000000000000070e-02
-6.356329999999999814e+01 -2.008330000000000126e+01 -2.100000000000000130e-02 1.000000000000000000e+01 2.000000000000000000e+00 2.970000000000000070e-02
-6.354659999999999798e+01 -1.753000000000000114e+01 -3.600000000000000422e-02 1.000000000000000000e+01 2.000000000000000000e+00 2.970000000000000070e-02
-6.426160000000000139e+01 -1.705499999999999972e+01 -4.200000000000000261e-02 1.000000000000000000e+01 2.000000000000000000e+00 2.970000000000000070e-02
-6.326830000000000354e+01 -1.751829999999999998e+01 -4.300000000000000350e-02 1.000000000000000000e+01 2.000000000000000000e+00 2.970000000000000070e-02
-6.321999999999999886e+01 -1.930000000000000071e+01 -4.000000000000000083e-02 1.000000000000000000e+01 2.000000000000000000e+00 2.970000000000000070e-02
-6.357829999999999870e+01 -2.026500000000000057e+01 -3.799999999999999906e-02 1.000000000000000000e+01 2.000000000000000000e+00 2.970000000000000070e-02
-6.359830000000000183e+01 -2.199159999999999826e+01 -5.500000000000000028e-02 1.000000000000000000e+01 2.000000000000000000e+00 2.970000000000000070e-02
-6.394659999999999656e+01 -2.004159999999999897e+01 -3.200000000000000067e-02 1.000000000000000000e+01 2.000000000000000000e+00 2.970000000000000070e-02
-6.293330000000000268e+01 -1.754500000000000171e+01 -5.399999999999999939e-02 1.000000000000000000e+01 2.000000000000000000e+00 2.970000000000000070e-02
-6.228999999999999915e+01 -1.799500000000000099e+01 -3.699999999999999817e-02 1.000000000000000000e+01 2.000000000000000000e+00 2.970000000000000070e-02
-6.310000000000000142e+01 -2.117330000000000112e+01 -4.900000000000000189e-02 1.000000000000000000e+01 2.000000000000000000e+00 2.970000000000000070e-02
-6.296500000000000341e+01 -1.797159999999999869e+01 -3.799999999999999906e-02 1.000000000000000000e+01 2.000000000000000000e+00 2.970000000000000070e-02
-6.321500000000000341e+01 -2.076160000000000139e+01 -4.300000000000000350e-02 1.000000000000000000e+01 2.000000000000000000e+00 2.970000000000000070e-02
-6.290659999999999741e+01 -1.816000000000000014e+01 -4.300000000000000350e-02 1.000000000000000000e+01 2.000000000000000000e+00 2.970000000000000070e-02
-6.328329999999999700e+01 -1.848659999999999926e+01 -3.899999999999999994e-02 1.000000000000000000e+01 2.000000000000000000e+00 2.970000000000000070e-02
-6.352830000000000155e+01 -1.914000000000000057e+01 -3.600000000000000422e-02 1.000000000000000000e+01 2.000000000000000000e+00 2.970000000000000070e-02
-6.222160000000000224e+01 -1.837500000000000000e+01 -4.499999999999999833e-02 1.000000000000000000e+01 2.000000000000000000e+00 2.970000000000000070e-02
-6.328829999999999956e+01 -2.107829999999999870e+01 -4.200000000000000261e-02 1.000000000000000000e+01 2.000000000000000000e+00 2.970000000000000070e-02
-6.318500000000000227e+01 -2.092999999999999972e+01 -4.700000000000000011e-02 1.000000000000000000e+01 2.000000000000000000e+00 2.970000000000000070e-02
-6.403830000000000666e+01 -1.701829999999999998e+01 -4.300000000000000350e-02 1.000000000000000000e+01 2.000000000000000000e+00 2.970000000000000070e-02
-6.295660000000000167e+01 -2.025159999999999982e+01 -3.699999999999999817e-02 1.000000000000000000e+01 2.000000000000000000e+00 2.970000000000000070e-02
-7.836579999999999302e+01 -4.317419999999999902e+01 -1.190000000000000085e-01 1.400000000000000000e+01 4.000000000000000000e+00 5.949999999999999343e-04
-7.837820000000000675e+01 -4.317540000000000333e+01 -9.340000000000001079e-02 1.400000000000000000e+01 4.000000000000000000e+00 4.670000000000000214e-04
-7.840229999999999677e+01 -4.317810000000000059e+01 -8.440000000000000280e-02 1.400000000000000000e+01 4.000000000000000000e+00 4.220000000000000118e-04
-7.845140000000000668e+01 -4.318410000000000082e+01 -6.440000000000001279e-02 1.400000000000000000e+01 4.000000000000000000e+00 3.220000000000000206e-04
-7.847530000000000427e+01 -4.318730000000000047e+01 -7.859999999999998932e-02 1.400000000000000000e+01 4.000000000000000000e+00 3.930000000000000117e-04
-7.669549999999999557e+01 -4.297560000000000002e+01 -7.000000000000000146e-03 1.400000000000000000e+01 4.000000000000000000e+00 3.500000000000000371e-05
-7.670699999999999363e+01 -4.297699999999999676e+01 -9.000000000000001055e-03 1.400000000000000000e+01 4.000000000000000000e+00 4.499999999999999606e-05
-7.671980000000000643e+01 -4.297760000000000247e+01 -1.300000000000000114e-02 1.400000000000000000e+01 4.000000000000000000e+00 6.500000000000000786e-05
-7.673189999999999600e+01 -4.297870000000000346e+01 -1.899999999999999953e-02 1.400000000000000000e+01 4.000000000000000000e+00 9.500000000000000523e-05
-7.674379999999999313e+01 -4.297970000000000113e+01 -2.199999999999999872e-02 1.400000000000000000e+01 4.000000000000000000e+00 1.100000000000000039e-04
-7.675570000000000448e+01 -4.298179999999999978e+01 -4.499999999999999833e-02 1.400000000000000000e+01 4.000000000000000000e+00 2.250000000000000209e-04
-7.676810000000000400e+01 -4.298310000000000031e+01 -1.089999999999999997e-01 1.400000000000000000e+01 4.000000000000000000e+00 5.450000000000000200e-04
-7.680459999999999354e+01 -4.298760000000000048e+01 -9.900000000000000466e-02 1.400000000000000000e+01 4.000000000000000000e+00 4.949999999999999973e-04
-7.557779999999999632e+01 -4.284080000000000155e+01 -7.200000000000000844e-02 1.400000000000000000e+01 4.000000000000000000e+00 3.599999999999999685e-04
-7.556589999999999918e+01 -4.283939999999999770e+01 -6.800000000000000488e-02 1.400000000000000000e+01 4.000000000000000000e+00 3.400000000000000244e-04
-7.555400000000000205e+01 -4.283800000000000097e+01 -6.199999999999999956e-02 1.400000000000000000e+01 4.000000000000000000e+00 3.099999999999999999e-04
-7.554160000000000252e+01 -4.283650000000000091e+01 -5.999999999999999778e-02 1.400000000000000000e+01 4.000000000000000000e+00 2.999999999999999737e-04
-7.552970000000000539e+01 -4.283529999999999660e+01 -5.900000000000000383e-02 1.400000000000000000e+01 4.000000000000000000e+00 2.950000000000000148e-04
-7.552960000000000207e+01 -4.283509999999999707e+01 -5.900000000000000383e-02 1.400000000000000000e+01 4.000000000000000000e+00 2.950000000000000148e-04
-7.573470000000000368e+01 -4.450070000000000192e+01 -6.670000000000000928e-02 1.400000000000000000e+01 4.000000000000000000e+00 3.335000000000000291e-04
-7.574739999999999895e+01 -4.450439999999999685e+01 -8.730000000000000260e-02 1.400000000000000000e+01 4.000000000000000000e+00 4.364999999999999848e-04
-7.577110000000000412e+01 -4.450800000000000267e+01 -8.500000000000000611e-02 1.400000000000000000e+01 4.000000000000000000e+00 4.249999999999999763e-04
-7.578239999999999554e+01 -4.451010000000000133e+01 -9.370000000000000551e-02 1.400000000000000000e+01 4.000000000000000000e+00 4.685000000000000579e-04
-7.579439999999999600e+01 -4.451330000000000098e+01 -1.054000000000000076e-01 1.400000000000000000e+01 4.000000000000000000e+00 5.270000000000000162e-04
-7.638670000000000471e+01 -4.293809999999999860e+01 -1.180000000000000077e-01 1.400000000000000000e+01 4.000000000000000000e+00 5.900000000000000296e-04
-7.636230000000000473e+01 -4.293509999999999849e+01 -9.500000000000000111e-02 1.400000000000000000e+01 4.000000000000000000e+00 4.749999999999999990e-04
-7.520619999999999550e+01 -4.279279999999999973e+01 -5.900000000000000383e-02 1.400000000000000000e+01 4.000000000000000000e+00 2.950000000000000148e-04
-7.507389999999999475e+01 -4.068019999999999925e+01 -3.099999999999999978e-02 1.400000000000000000e+01 4.000000000000000000e+00 1.550000000000000000e-04
-7.506239999999999668e+01 -4.067929999999999779e+01 -3.300000000000000155e-02 1.400000000000000000e+01 4.000000000000000000e+00 1.649999999999999991e-04
-7.505039999999999623e+01 -4.067810000000000059e+01 -3.899999999999999994e-02 1.400000000000000000e+01 4.000000000000000000e+00 1.950000000000000236e-04
-7.503830000000000666e+01 -4.067690000000000339e+01 -2.699999999999999969e-02 1.400000000000000000e+01 4.000000000000000000e+00 1.350000000000000017e-04
-7.502620000000000289e+01 -4.067530000000000001e+01 -4.000000000000000083e-02 1.400000000000000000e+01 4.000000000000000000e+00 2.000000000000000096e-04
-7.501500000000000057e+01 -4.067439999999999856e+01 -4.700000000000000011e-02 1.400000000000000000e+01 4.000000000000000000e+00 2.349999999999999930e-04
-7.511159999999999570e+01 -3.602080000000000126e+01 -8.000000000000000167e-03 1.400000000000000000e+01 4.000000000000000000e+00 4.000000000000000327e-05
-7.510080000000000666e+01 -3.602230000000000132e+01 -1.899999999999999953e-02 1.400000000000000000e+01 4.000000000000000000e+00 9.500000000000000523e-05
-7.508939999999999770e+01 -3.602380000000000138e+01 -6.099999999999999867e-02 1.400000000000000000e+01 4.000000000000000000e+00 3.049999999999999868e-04
-7.507920000000000016e+01 -3.602539999999999765e+01 -2.299999999999999961e-02 1.400000000000000000e+01 4.000000000000000000e+00 1.150000000000000035e-04
-7.506810000000000116e+01 -3.602680000000000149e+01 -2.699999999999999969e-02 1.400000000000000000e+01 4.000000000000000000e+00 1.350000000000000017e-04
-7.505249999999999488e+01 -3.602839999999999776e+01 -1.899999999999999953e-02 1.400000000000000000e+01 4.000000000000000000e+00 9.500000000000000523e-05
-7.373770000000000380e+01 -3.621179999999999666e+01 -5.249999999999999806e-02 1.600000000000000000e+01 4.000000000000000000e+00 2.625000000000000380e-04
-7.374809999999999377e+01 -3.621039999999999992e+01 -4.189999999999999974e-02 1.600000000000000000e+01 4.000000000000000000e+00 2.094999999999999966e-04
-7.375960000000000605e+01 -3.620870000000000033e+01 -4.240000000000000019e-02 1.600000000000000000e+01 4.000000000000000000e+00 2.120000000000000031e-04
-7.377020000000000266e+01 -3.620770000000000266e+01 -4.179999999999999688e-02 1.600000000000000000e+01 4.000000000000000000e+00 2.089999999999999844e-04
-7.378050000000000352e+01 -3.620580000000000354e+01 -4.290000000000000063e-02 1.600000000000000000e+01 4.000000000000000000e+00 2.145000000000000097e-04
-7.379219999999999402e+01 -3.620400000000000063e+01 -4.270000000000000184e-02 1.600000000000000000e+01 4.000000000000000000e+00 2.135000000000000125e-04
-7.380389999999999873e+01 -3.620259999999999678e+01 -3.379999999999999671e-02 1.600000000000000000e+01 4.000000000000000000e+00 1.690000000000000150e-04
-7.382859999999999445e+01 -3.619939999999999714e+01 -3.710000000000000103e-02 1.600000000000000000e+01 4.000000000000000000e+00 1.855000000000000095e-04
-7.383629999999999427e+01 -3.619800000000000040e+01 -3.970000000000000612e-02 1.600000000000000000e+01 4.000000000000000000e+00 1.985000000000000273e-04
-7.417829999999999302e+01 -3.615070000000000050e+01 -1.930000000000000118e-02 1.600000000000000000e+01 4.000000000000000000e+00 9.650000000000000103e-05
-7.415370000000000061e+01 -3.615200000000000102e+01 -2.019999999999999921e-02 1.600000000000000000e+01 4.000000000000000000e+00 1.010000000000000020e-04
-7.413070000000000448e+01 -3.615619999999999834e+01 -2.179999999999999993e-02 1.600000000000000000e+01 4.000000000000000000e+00 1.090000000000000067e-04
-7.411119999999999663e+01 -3.616049999999999898e+01 -2.080000000000000251e-02 1.600000000000000000e+01 4.000000000000000000e+00 1.039999999999999936e-04
-7.407129999999999370e+01 -3.616539999999999822e+01 -3.320000000000000034e-02 1.600000000000000000e+01 4.000000000000000000e+00 1.660000000000000234e-04
-7.405679999999999552e+01 -3.616740000000000066e+01 -4.129999999999999644e-02 1.600000000000000000e+01 4.000000000000000000e+00 2.065000000000000049e-04
-7.403730000000000189e+01 -3.616890000000000072e+01 -5.940000000000000141e-02 1.600000000000000000e+01 4.000000000000000000e+00 2.970000000000000092e-04
-7.401699999999999591e+01 -3.617229999999999990e+01 -4.529999999999999999e-02 1.600000000000000000e+01 4.000000000000000000e+00 2.265000000000000032e-04
-7.400539999999999452e+01 -3.617459999999999809e+01 -5.500000000000000028e-02 1.600000000000000000e+01 4.000000000000000000e+00 2.750000000000000166e-04
-7.399420000000000641e+01 -3.617549999999999955e+01 -4.879999999999999616e-02 1.600000000000000000e+01 4.000000000000000000e+00 2.439999999999999949e-04
-7.398529999999999518e+01 -3.617819999999999681e+01 -5.829999999999999766e-02 1.600000000000000000e+01 4.000000000000000000e+00 2.914999999999999840e-04
-7.397220000000000084e+01 -3.617990000000000350e+01 -4.920000000000000068e-02 1.600000000000000000e+01 4.000000000000000000e+00 2.460000000000000164e-04
-7.458729999999999905e+01 -3.602139999999999986e+01 -1.710000000000000062e-02 1.600000000000000000e+01 4.000000000000000000e+00 8.550000000000000471e-05
-7.459770000000000323e+01 -3.601979999999999649e+01 -1.549999999999999989e-02 1.600000000000000000e+01 4.000000000000000000e+00 7.749999999999999999e-05
-7.461969999999999459e+01 -3.601729999999999876e+01 -1.159999999999999920e-02 1.600000000000000000e+01 4.000000000000000000e+00 5.800000000000000712e-05
-7.235639999999999361e+01 -3.347189999999999799e+01 -3.400000000000000244e-02 1.700000000000000000e+01 4.000000000000000000e+00 7.140000000000000079e-04
-7.233740000000000236e+01 -3.347809999999999775e+01 -3.799999999999999906e-02 1.700000000000000000e+01 4.000000000000000000e+00 7.140000000000000079e-04
-7.231810000000000116e+01 -3.348140000000000072e+01 -4.599999999999999922e-02 1.700000000000000000e+01 4.000000000000000000e+00 7.140000000000000079e-04
-7.230140000000000100e+01 -3.348420000000000130e+01 -5.000000000000000278e-02 1.700000000000000000e+01 4.000000000000000000e+00 7.140000000000000079e-04
-7.228090000000000259e+01 -3.348879999999999768e+01 -5.700000000000000205e-02 1.700000000000000000e+01 4.000000000000000000e+00 7.140000000000000079e-04
-7.226179999999999382e+01 -3.349269999999999925e+01 -5.299999999999999850e-02 1.700000000000000000e+01 4.000000000000000000e+00 7.140000000000000079e-04
-7.224379999999999313e+01 -3.349669999999999703e+01 -5.200000000000000455e-02 1.700000000000000000e+01 4.000000000000000000e+00 7.140000000000000079e-04
-7.222520000000000095e+01 -3.350180000000000291e+01 -5.500000000000000028e-02 1.700000000000000000e+01 4.000000000000000000e+00 7.140000000000000079e-04
-7.220640000000000214e+01 -3.350569999999999737e+01 -5.900000000000000383e-02 1.700000000000000000e+01 4.000000000000000000e+00 7.140000000000000079e-04
-7.218729999999999336e+01 -3.305100000000000193e+01 -6.800000000000000488e-02 1.700000000000000000e+01 4.000000000000000000e+00 7.140000000000000079e-04
-7.216889999999999361e+01 -3.351440000000000197e+01 -8.500000000000000611e-02 1.700000000000000000e+01 4.000000000000000000e+00 7.140000000000000079e-04
-7.215080000000000382e+01 -3.351859999999999928e+01 -9.500000000000000111e-02 1.700000000000000000e+01 4.000000000000000000e+00 7.140000000000000079e-04
-7.213139999999999930e+01 -3.352279999999999660e+01 -1.140000000000000041e-01 1.700000000000000000e+01 4.000000000000000000e+00 7.140000000000000079e-04
-7.241599999999999682e+01 -3.345960000000000178e+01 -3.400000000000000244e-02 1.700000000000000000e+01 4.000000000000000000e+00 7.140000000000000079e-04
-7.239499999999999602e+01 -3.346329999999999671e+01 -3.400000000000000244e-02 1.700000000000000000e+01 4.000000000000000000e+00 7.140000000000000079e-04
-7.237560000000000571e+01 -3.346730000000000160e+01 -3.699999999999999817e-02 1.700000000000000000e+01 4.000000000000000000e+00 7.140000000000000079e-04
-7.226370000000000005e+01 -3.350169999999999959e+01 -5.100000000000000366e-02 1.700000000000000000e+01 4.000000000000000000e+00 7.140000000000000079e-04
-7.226510000000000389e+01 -3.351069999999999993e+01 -5.600000000000000117e-02 1.700000000000000000e+01 4.000000000000000000e+00 7.140000000000000079e-04
-7.226760000000000161e+01 -3.351760000000000161e+01 -5.500000000000000028e-02 1.700000000000000000e+01 4.000000000000000000e+00 7.140000000000000079e-04
-7.227079999999999416e+01 -3.352570000000000050e+01 -5.399999999999999939e-02 1.700000000000000000e+01 4.000000000000000000e+00 7.140000000000000079e-04
-7.227299999999999613e+01 -3.353399999999999892e+01 -5.600000000000000117e-02 1.700000000000000000e+01 4.000000000000000000e+00 7.140000000000000079e-04
-7.227549999999999386e+01 -3.354180000000000206e+01 -5.800000000000000294e-02 1.700000000000000000e+01 4.000000000000000000e+00 7.140000000000000079e-04
-7.227779999999999916e+01 -3.354979999999999762e+01 -5.600000000000000117e-02 1.700000000000000000e+01 4.000000000000000000e+00 7.140000000000000079e-04
-7.228040000000000020e+01 -3.355810000000000315e+01 -5.700000000000000205e-02 1.700000000000000000e+01 4.000000000000000000e+00 7.140000000000000079e-04
-7.328539999999999566e+01 -3.526789999999999736e+01 -4.000000000000000083e-02 1.700000000000000000e+01 4.000000000000000000e+00 7.140000000000000079e-04
-7.326800000000000068e+01 -3.527129999999999654e+01 -5.000000000000000278e-02 1.700000000000000000e+01 4.000000000000000000e+00 7.140000000000000079e-04
-7.324899999999999523e+01 -3.527669999999999817e+01 -5.700000000000000205e-02 1.700000000000000000e+01 4.000000000000000000e+00 7.140000000000000079e-04
-7.322889999999999588e+01 -3.528099999999999881e+01 -5.299999999999999850e-02 1.700000000000000000e+01 4.000000000000000000e+00 7.140000000000000079e-04
-7.320980000000000132e+01 -3.528699999999999903e+01 -5.200000000000000455e-02 1.700000000000000000e+01 4.000000000000000000e+00 7.140000000000000079e-04
-7.319140000000000157e+01 -3.529270000000000351e+01 -4.399999999999999745e-02 1.700000000000000000e+01 4.000000000000000000e+00 7.140000000000000079e-04
-7.317210000000000036e+01 -3.529849999999999710e+01 -5.399999999999999939e-02 1.700000000000000000e+01 4.000000000000000000e+00 7.140000000000000079e-04
-7.315340000000000487e+01 -3.530389999999999873e+01 -5.500000000000000028e-02 1.700000000000000000e+01 4.000000000000000000e+00 7.140000000000000079e-04
-7.313240000000000407e+01 -3.531040000000000134e+01 -6.600000000000000311e-02 1.700000000000000000e+01 4.000000000000000000e+00 7.140000000000000079e-04
-7.311480000000000246e+01 -3.531600000000000250e+01 -8.400000000000000522e-02 1.700000000000000000e+01 4.000000000000000000e+00 7.140000000000000079e-04
-7.309449999999999648e+01 -3.532090000000000174e+01 -7.299999999999999545e-02 1.700000000000000000e+01 4.000000000000000000e+00 7.140000000000000079e-04
-7.307559999999999434e+01 -3.532560000000000144e+01 -8.300000000000000433e-02 1.700000000000000000e+01 4.000000000000000000e+00 7.140000000000000079e-04
-7.305629999999999313e+01 -3.533160000000000167e+01 -1.020000000000000073e-01 1.700000000000000000e+01 4.000000000000000000e+00 7.140000000000000079e-04
-7.352719999999999345e+01 -3.590409999999999968e+01 -1.199999999999999956e-01 1.700000000000000000e+01 4.000000000000000000e+00 7.140000000000000079e-04
-7.355620000000000402e+01 -3.590440000000000254e+01 -1.059999999999999970e-01 1.700000000000000000e+01 4.000000000000000000e+00 7.140000000000000079e-04
-7.367249999999999943e+01 -3.590460000000000207e+01 -6.900000000000000577e-02 1.700000000000000000e+01 4.000000000000000000e+00 7.140000000000000079e-04
-7.339719999999999800e+01 -3.590429999999999922e+01 -6.900000000000000577e-02 1.700000000000000000e+01 4.000000000000000000e+00 7.140000000000000079e-04
-7.708329999999999416e+01 -1.600000000000000000e+01 -1.172000000000000125e-02 1.800000000000000000e+01 1.000000000000000000e+00 1.171999999999999865e-03
-7.581669999999999732e+01 -1.805000000000000071e+01 -6.448000000000000953e-02 1.800000000000000000e+01 1.000000000000000000e+00 6.448000000000000606e-03
-7.393330000000000268e+01 -1.801670000000000016e+01 -1.172000000000000125e-02 1.800000000000000000e+01 1.000000000000000000e+00 1.171999999999999865e-03
-7.328329999999999700e+01 -2.005000000000000071e+01 -6.531999999999998918e-02 1.800000000000000000e+01 1.000000000000000000e+00 6.532000000000000479e-03
-7.175000000000000000e+01 -2.125000000000000000e+01 -5.019999999999999289e-03 1.800000000000000000e+01 1.000000000000000000e+00 5.020000000000000590e-04
-7.896670000000000300e+01 -2.439999999999999858e+01 -4.940999999999999559e-02 1.800000000000000000e+01 1.000000000000000000e+00 4.941000000000000079e-03
-7.815000000000000568e+01 -1.675000000000000000e+01 -2.722000000000000114e-02 1.800000000000000000e+01 1.000000000000000000e+00 2.722000000000000027e-03
-7.916670000000000584e+01 -1.796669999999999945e+01 -5.234000000000000458e-02 1.800000000000000000e+01 1.000000000000000000e+00 5.233999999999999937e-03
-7.384999999999999432e+01 -2.136670000000000158e+01 -2.554000000000000020e-02 1.800000000000000000e+01 1.000000000000000000e+00 2.553999999999999847e-03
-7.134999999999999432e+01 -2.336670000000000158e+01 -9.630000000000001406e-03 1.800000000000000000e+01 1.000000000000000000e+00 9.629999999999999888e-04
-7.493330000000000268e+01 -3.110000000000000142e+01 -3.265999999999999459e-02 1.800000000000000000e+01 1.000000000000000000e+00 3.266000000000000240e-03
-7.261669999999999447e+01 -3.141669999999999874e+01 -3.139999999999999736e-02 1.800000000000000000e+01 1.000000000000000000e+00 3.139999999999999996e-03
