-3.983147750675725823e-02
-3.975926822902772079e-02
-3.975491184064656319e-02
-3.976286972576354578e-02
-3.860000000000000236e-02
-4.164999999999999952e-02
-4.164999999999999952e-02
-5.950000000000000427e-03
-2.999999999999999889e-02
-3.717269792841900594e-02
-4.096307079055613171e-02
-4.999999999999999584e-02
-3.893267396284429138e-02
-5.113597406151663971e-02
-3.679999999999999938e-02
-4.839999999999999858e-02
-6.270000000000000573e-02
-2.040000000000000147e-02
-3.850000000000000644e-02
-5.957867333137508575e-02
-7.822991249424451898e-02
-6.500000000000000222e-02
-8.717793041684417099e-02
-7.619539191313841331e-02
-6.946967935104893244e-02
-8.500000000000000611e-02
-8.999999999999999667e-02
-7.805479505445692134e-02
-7.208692447218387200e-02
-7.462104242947965871e-02
-7.369106827905359813e-02
-7.900000000000000078e-02
-7.123904480919597548e-02
-7.900000000000000078e-02
-6.400000000000000133e-02
-3.600000000000000422e-02
-1.000000000000000056e-01
-7.288891802656208285e-02
-7.304480539654076288e-02
-6.808371908766312763e-02
-8.999999999999999667e-02
-1.030000000000000082e-01
-9.700000000000000289e-02
-8.099999999999998868e-02
-7.100000000000000755e-02
-7.274447371647640992e-02
-6.099999999999999867e-02
-2.699999999999999969e-02
-4.000000000000000777e-02
-4.000000000000000777e-02
-1.400000000000000029e-02
-4.000000000000000777e-02
-7.789940594744425295e-02
-8.799999999999999489e-02
-8.329278249057119055e-02
-4.299999999999999656e-02
-7.210890065325072096e-02
-8.078227569015306031e-02
-8.112168026380123242e-02
-8.270985963264963770e-02
-9.100000000000001144e-02
-8.308073164659036947e-02
-6.287663496434595101e-02
-8.799999999999999489e-02
-9.500000000000000111e-02
-5.684936854994426109e-02
-6.600000000000000311e-02
-7.199999999999999456e-02
-6.495246425401482449e-02
-5.999999999999999778e-02
-7.199999999999999456e-02
-4.137000000000000399e-02
-4.041993742583111643e-02
-4.046602167968117031e-02
-4.054469559746840673e-02
-3.892831670280172407e-02
-3.884826137539290625e-02
-3.879531438286918515e-02
-3.876579385603948213e-02
-3.876113735564693658e-02
-3.874790417630346456e-02
-3.888627015624966654e-02
-4.979000000000000092e-02
-4.413554097701853640e-02
-4.539969746098368453e-02
-2.770662895498464395e-02
-3.133877437715752029e-02
-2.210000000000000159e-02
-3.296945083457703679e-02
-9.100000000000000450e-03
-3.114995394207504750e-02
-4.670000000000000540e-02
-2.700000000000000316e-02
-3.400000000000000244e-02
-5.308431819660754114e-02
-5.160715941498049408e-02
-5.679655992621199939e-02
-5.600000000000000117e-02
-5.500000000000000028e-02
-3.800000000000000600e-02
-5.300000000000000544e-02
-5.900000000000000383e-02
-5.402233385777723690e-02
-5.671920423731327543e-02
-5.500000000000000028e-02
-6.021734027032242531e-02
-4.900000000000000189e-02
-5.282102012989694367e-02
-5.268738435989402114e-02
-5.995568893779621572e-02
-5.500000000000000028e-02
-6.000000000000000472e-02
-5.636191484056687212e-02
-5.600000000000000117e-02
-5.300000000000000544e-02
-5.159008935970545162e-02
-5.900000000000000383e-02
-5.982528816925095083e-02
-5.704266191137637859e-02
-5.799999999999999600e-02
-8.440000000000000280e-02
-8.939999999999999336e-02
-8.717793041684417099e-02
-4.130000000000000338e-02
-5.216588394459360789e-02
-2.800000000000000058e-02
-3.289999999999999869e-02
-4.420000000000000318e-02
-4.500416327511064241e-02
-4.514583532204150679e-02
-4.522947746112915279e-02
-4.531377455037167989e-02
-4.535522721185190204e-02
-4.538158612291110644e-02
-4.541702650638096417e-02
-4.542292426297554753e-02
-4.760000000000000342e-02
-5.950000000000000427e-02
-6.650000000000000355e-02
-7.980000000000000981e-02
-4.370391073451962427e-02
-4.414698673208410779e-02
-4.448653262002781605e-02
-4.552781451389521089e-02
-4.569024852499781880e-02
-4.580848232170169759e-02
-4.593631873771793911e-02
-4.605471720750602127e-02
-4.615303427134538616e-02
-4.624063630497608074e-02
-4.631539153973319306e-02
-4.620158480621212177e-02
-4.649016441487183182e-02
-4.680742387826745260e-02
-4.710017458857396894e-02
-4.733682453072551866e-02
-4.750984125155845866e-02
-4.763929618659722837e-02
-4.772640200970595242e-02
-4.778642020821781411e-02
-5.880000000000000504e-02
-5.109999999999999265e-02
-5.810000000000000581e-02
-7.140000000000000513e-02
-8.399999999999999134e-02
-7.419999999999998819e-02
-4.830000000000000959e-02
-4.830000000000000959e-02
-1.059300000000000172e-02
-3.453999999999999432e-02
