-7.875669999999999504e+01 -1.142500000000000071e+01 4.200000000000000000e+01 4.240000000000000213e+00 1.000000000000000000e+00 1.000000000000000000e+00
-7.875669999999999504e+01 -1.141000000000000014e+01 4.000000000000000000e+01 4.080000000000000071e+00 1.000000000000000000e+00 1.000000000000000000e+00
-7.876500000000000057e+01 -1.141329999999999956e+01 4.100000000000000000e+01 4.160000000000000142e+00 1.000000000000000000e+00 1.000000000000000000e+00
-7.876500000000000057e+01 -1.141499999999999915e+01 4.200000000000000000e+01 4.320000000000000284e+00 1.000000000000000000e+00 1.000000000000000000e+00
-7.879829999999999757e+01 -1.142500000000000071e+01 3.500000000000000000e+01 3.600000000000000089e+00 1.000000000000000000e+00 1.000000000000000000e+00
-7.921169999999999334e+01 -1.115169999999999995e+01 4.900000000000000000e+01 7.349999999999999645e+00 1.000000000000000000e+00 1.000000000000000000e+00
-7.920000000000000284e+01 -1.114170000000000016e+01 4.900000000000000000e+01 7.349999999999999645e+00 1.000000000000000000e+00 1.000000000000000000e+00
-7.827160000000000650e+01 -1.106300000000000061e+01 2.750000000000000000e+01 2.500000000000000000e+00 2.000000000000000000e+00 1.000000000000000000e+00
-7.807779999999999632e+01 -1.106499999999999950e+01 4.500000000000000000e+01 2.500000000000000000e+01 2.000000000000000000e+00 1.000000000000000000e+00
-7.689149999999999352e+01 -1.348019999999999996e+01 4.500000000000000000e+01 9.130000000000000782e+00 2.000000000000000000e+00 1.000000000000000000e+00
-7.699049999999999727e+01 -1.286299999999999955e+01 6.000000000000000000e+01 1.000000000000000000e+01 2.000000000000000000e+00 1.000000000000000000e+00
-7.894280000000000541e+01 -1.153759999999999941e+01 4.600000000000000000e+01 9.130000000000000782e+00 2.000000000000000000e+00 1.000000000000000000e+00
-6.875000000000000000e+01 -3.325000000000000000e+01 6.300000000000000000e+01 1.405000000000000071e+01 3.000000000000000000e+00 2.000000000000000000e+00
-6.665000000000000568e+01 -1.841669999999999874e+01 1.590000000000000000e+02 1.405000000000000071e+01 3.000000000000000000e+00 2.000000000000000000e+00
-6.850000000000000000e+01 -1.718329999999999913e+01 1.830000000000000000e+02 1.405000000000000071e+01 3.000000000000000000e+00 2.000000000000000000e+00
-6.345000000000000284e+01 -2.098329999999999984e+01 4.700000000000000000e+01 1.405000000000000071e+01 3.000000000000000000e+00 2.000000000000000000e+00
-6.318330000000000268e+01 -2.093329999999999913e+01 5.000000000000000000e+01 1.405000000000000071e+01 3.000000000000000000e+00 2.000000000000000000e+00
-6.606669999999999732e+01 -2.089999999999999858e+01 8.800000000000000000e+01 1.405000000000000071e+01 3.000000000000000000e+00 2.000000000000000000e+00
-6.320000000000000284e+01 -2.043329999999999913e+01 5.500000000000000000e+01 1.405000000000000071e+01 3.000000000000000000e+00 2.000000000000000000e+00
-6.356669999999999732e+01 -2.001670000000000016e+01 3.300000000000000000e+01 1.405000000000000071e+01 3.000000000000000000e+00 2.000000000000000000e+00
-6.321670000000000300e+01 -1.930000000000000071e+01 5.400000000000000000e+01 1.405000000000000071e+01 3.000000000000000000e+00 2.000000000000000000e+00
-6.301670000000000016e+01 -1.793329999999999913e+01 5.300000000000000000e+01 1.405000000000000071e+01 3.000000000000000000e+00 2.000000000000000000e+00
-6.353329999999999700e+01 -1.753330000000000055e+01 5.000000000000000000e+01 1.405000000000000071e+01 3.000000000000000000e+00 2.000000000000000000e+00
-6.326670000000000016e+01 -1.751670000000000016e+01 5.600000000000000000e+01 1.405000000000000071e+01 3.000000000000000000e+00 2.000000000000000000e+00
-6.406669999999999732e+01 -1.710000000000000142e+01 5.900000000000000000e+01 1.405000000000000071e+01 3.000000000000000000e+00 2.000000000000000000e+00
-6.900000000000000000e+01 -5.400000000000000000e+01 9.600000000000000000e+01 1.405000000000000071e+01 3.000000000000000000e+00 2.000000000000000000e+00
-7.371500000000000341e+01 -3.767499999999999716e+01 1.720000000000000000e+02 1.405000000000000071e+01 3.000000000000000000e+00 2.000000000000000000e+00
-7.360670000000000357e+01 -3.766329999999999956e+01 6.300000000000000000e+01 1.405000000000000071e+01 3.000000000000000000e+00 2.000000000000000000e+00
-7.350000000000000000e+01 -3.743099999999999739e+01 7.900000000000000000e+01 1.405000000000000071e+01 3.000000000000000000e+00 2.000000000000000000e+00
-6.865170000000000528e+01 -2.115170000000000172e+01 1.500000000000000000e+02 1.405000000000000071e+01 3.000000000000000000e+00 2.000000000000000000e+00
-6.991670000000000584e+01 -1.970899999999999963e+01 9.300000000000000000e+01 1.405000000000000071e+01 3.000000000000000000e+00 2.000000000000000000e+00
-7.375000000000000000e+01 -1.551670000000000016e+01 4.400000000000000000e+01 8.800000000000000711e+00 4.000000000000000000e+00 2.000000000000000000e+00
-7.134999999999999432e+01 -1.490000000000000036e+01 3.200000000000000000e+01 4.799999999999999822e+00 4.000000000000000000e+00 2.000000000000000000e+00
-7.156669999999999732e+01 -1.655000000000000071e+01 4.400000000000000000e+01 4.400000000000000355e+00 4.000000000000000000e+00 2.000000000000000000e+00
-7.076670000000000016e+01 -1.706670000000000087e+01 5.700000000000000000e+01 8.550000000000000711e+00 4.000000000000000000e+00 2.000000000000000000e+00
-7.141700000000000159e+01 -1.490000000000000036e+01 7.500000000000000000e+01 1.500000000000000000e+01 5.000000000000000000e+00 3.000000000000000000e+00
-7.029999999999999716e+01 -1.693299999999999983e+01 5.000000000000000000e+01 1.500000000000000000e+01 5.000000000000000000e+00 3.000000000000000000e+00
-6.648000000000000398e+01 -2.401699999999999946e+01 1.250000000000000000e+02 1.500000000000000000e+01 5.000000000000000000e+00 3.000000000000000000e+00
-6.645000000000000284e+01 -2.426999999999999957e+01 1.210000000000000000e+02 1.500000000000000000e+01 5.000000000000000000e+00 3.000000000000000000e+00
-6.654999999999999716e+01 -2.437000000000000099e+01 1.000000000000000000e+02 1.500000000000000000e+01 5.000000000000000000e+00 3.000000000000000000e+00
-6.846699999999999875e+01 -2.769999999999999929e+01 8.170000000000000284e+01 1.500000000000000000e+01 5.000000000000000000e+00 3.000000000000000000e+00
-6.833299999999999841e+01 -2.803300000000000125e+01 7.800000000000000000e+01 1.500000000000000000e+01 5.000000000000000000e+00 3.000000000000000000e+00
-6.837000000000000455e+01 -2.733299999999999841e+01 1.000000000000000000e+02 1.500000000000000000e+01 5.000000000000000000e+00 3.000000000000000000e+00
-6.808299999999999841e+01 -2.692000000000000171e+01 1.050000000000000000e+02 1.500000000000000000e+01 5.000000000000000000e+00 3.000000000000000000e+00
-6.876699999999999591e+01 -2.791700000000000159e+01 7.700000000000000000e+01 1.500000000000000000e+01 5.000000000000000000e+00 3.000000000000000000e+00
-6.658299999999999841e+01 -2.103300000000000125e+01 7.500000000000000000e+01 1.500000000000000000e+01 5.000000000000000000e+00 3.000000000000000000e+00
-6.823300000000000409e+01 -1.756700000000000017e+01 7.300000000000000000e+01 1.500000000000000000e+01 5.000000000000000000e+00 3.000000000000000000e+00
-6.604999999999999716e+01 -2.125000000000000000e+01 7.000000000000000000e+01 1.500000000000000000e+01 5.000000000000000000e+00 3.000000000000000000e+00
-6.668300000000000693e+01 -2.130000000000000071e+01 9.400000000000000000e+01 1.500000000000000000e+01 5.000000000000000000e+00 3.000000000000000000e+00
-6.718300000000000693e+01 -1.938299999999999912e+01 8.300000000000000000e+01 1.500000000000000000e+01 5.000000000000000000e+00 3.000000000000000000e+00
-6.613299999999999557e+01 -2.116700000000000159e+01 9.400000000000000000e+01 1.500000000000000000e+01 5.000000000000000000e+00 3.000000000000000000e+00
-6.950000000000000000e+01 -1.550000000000000000e+01 5.500000000000000000e+01 9.000000000000000000e+00 5.000000000000000000e+00 3.000000000000000000e+00
-6.428300000000000125e+01 -2.276699999999999946e+01 2.700000000000000000e+01 9.000000000000000000e+00 5.000000000000000000e+00 3.000000000000000000e+00
-6.683299999999999841e+01 -1.846699999999999875e+01 1.090000000000000000e+02 9.000000000000000000e+00 5.000000000000000000e+00 3.000000000000000000e+00
-6.658299999999999841e+01 -1.841700000000000159e+01 6.600000000000000000e+01 9.000000000000000000e+00 5.000000000000000000e+00 3.000000000000000000e+00
-6.773300000000000409e+01 -1.641700000000000159e+01 6.800000000000000000e+01 9.000000000000000000e+00 5.000000000000000000e+00 3.000000000000000000e+00
-6.713299999999999557e+01 -1.738299999999999912e+01 7.500000000000000000e+01 9.000000000000000000e+00 5.000000000000000000e+00 3.000000000000000000e+00
-6.901699999999999591e+01 -1.578299999999999947e+01 9.900000000000000000e+01 9.000000000000000000e+00 5.000000000000000000e+00 3.000000000000000000e+00
-6.683299999999999841e+01 -1.828300000000000125e+01 1.120000000000000000e+02 9.000000000000000000e+00 5.000000000000000000e+00 3.000000000000000000e+00
-6.904999999999999716e+01 -1.576699999999999946e+01 1.060000000000000000e+02 9.000000000000000000e+00 5.000000000000000000e+00 3.000000000000000000e+00
-6.681699999999999307e+01 -1.816700000000000159e+01 9.000000000000000000e+01 9.000000000000000000e+00 5.000000000000000000e+00 3.000000000000000000e+00
-6.753300000000000125e+01 -1.706700000000000017e+01 6.200000000000000000e+01 9.000000000000000000e+00 5.000000000000000000e+00 3.000000000000000000e+00
-7.156699999999999307e+01 -3.626700000000000301e+01 1.280000000000000000e+02 1.800000000000000000e+01 5.000000000000000000e+00 3.000000000000000000e+00
-7.016700000000000159e+01 -3.346699999999999875e+01 6.100000000000000000e+01 1.800000000000000000e+01 5.000000000000000000e+00 2.000000000000000000e+00
-7.075000000000000000e+01 -3.333299999999999841e+01 7.900000000000000000e+01 1.800000000000000000e+01 5.000000000000000000e+00 2.000000000000000000e+00
-7.173300000000000409e+01 -3.823299999999999699e+01 2.040000000000000000e+02 1.800000000000000000e+01 5.000000000000000000e+00 3.000000000000000000e+00
-7.116700000000000159e+01 -3.992000000000000171e+01 6.000000000000000000e+01 2.200000000000000000e+01 5.000000000000000000e+00 3.000000000000000000e+00
-7.228300000000000125e+01 -4.020000000000000284e+01 1.100000000000000000e+02 2.200000000000000000e+01 5.000000000000000000e+00 3.000000000000000000e+00
-7.033299999999999841e+01 -3.527000000000000313e+01 8.800000000000000000e+01 1.300000000000000000e+01 5.000000000000000000e+00 3.000000000000000000e+00
-7.075000000000000000e+01 -3.650000000000000000e+01 3.000000000000000000e+01 1.300000000000000000e+01 5.000000000000000000e+00 3.000000000000000000e+00
-6.931999999999999318e+01 -2.869999999999999929e+01 7.200000000000000000e+01 1.300000000000000000e+01 5.000000000000000000e+00 3.000000000000000000e+00
-6.987000000000000455e+01 -3.517000000000000171e+01 8.500000000000000000e+01 1.300000000000000000e+01 5.000000000000000000e+00 3.000000000000000000e+00
-6.996999999999999886e+01 -3.517000000000000171e+01 8.500000000000000000e+01 1.300000000000000000e+01 5.000000000000000000e+00 3.000000000000000000e+00
-7.112999999999999545e+01 -3.757999999999999829e+01 8.000000000000000000e+01 1.300000000000000000e+01 5.000000000000000000e+00 3.000000000000000000e+00
-7.004999999999999716e+01 -3.475000000000000000e+01 1.040000000000000000e+02 1.300000000000000000e+01 5.000000000000000000e+00 3.000000000000000000e+00
-7.108299999999999841e+01 -3.752000000000000313e+01 9.500000000000000000e+01 1.300000000000000000e+01 5.000000000000000000e+00 3.000000000000000000e+00
-6.956699999999999307e+01 -2.625000000000000000e+01 7.500000000000000000e+01 4.100000000000000000e+01 5.000000000000000000e+00 3.000000000000000000e+00
-6.920000000000000284e+01 -1.968299999999999983e+01 1.120000000000000000e+02 2.400000000000000000e+01 5.000000000000000000e+00 3.000000000000000000e+00
-6.928300000000000125e+01 -1.821699999999999875e+01 1.190000000000000000e+02 2.400000000000000000e+01 5.000000000000000000e+00 3.000000000000000000e+00
-7.159999999999999432e+01 -1.650000000000000000e+01 4.100000000000000000e+01 2.400000000000000000e+01 5.000000000000000000e+00 2.000000000000000000e+00
-7.051699999999999591e+01 -1.685000000000000142e+01 4.200000000000000000e+01 2.400000000000000000e+01 5.000000000000000000e+00 3.000000000000000000e+00
-6.261699999999999733e+01 -3.964999999999999858e+01 7.700000000000000000e+01 5.000000000000000000e+00 5.000000000000000000e+00 3.000000000000000000e+00
-6.270000000000000284e+01 -3.950000000000000000e+01 6.900000000000000000e+01 5.000000000000000000e+00 5.000000000000000000e+00 3.000000000000000000e+00
-6.229999999999999716e+01 -3.832000000000000028e+01 5.500000000000000000e+01 5.000000000000000000e+00 5.000000000000000000e+00 3.000000000000000000e+00
-6.325000000000000000e+01 -3.868299999999999983e+01 7.700000000000000000e+01 5.000000000000000000e+00 5.000000000000000000e+00 3.000000000000000000e+00
-7.887810000000000343e+01 -1.118650000000000055e+01 5.910000000000000142e+01 1.773000000000000043e+01 6.000000000000000000e+00 4.000000000000000000e+00
-7.868200000000000216e+01 -1.111449999999999960e+01 3.589999999999999858e+01 1.076999999999999957e+01 6.000000000000000000e+00 4.000000000000000000e+00
-7.867730000000000246e+01 -1.111280000000000001e+01 4.110000000000000142e+01 1.233000000000000007e+01 6.000000000000000000e+00 4.000000000000000000e+00
-7.866880000000000450e+01 -1.110880000000000045e+01 3.470000000000000284e+01 1.041000000000000014e+01 6.000000000000000000e+00 4.000000000000000000e+00
-7.895740000000000691e+01 -1.158270000000000088e+01 4.839999999999999858e+01 1.451999999999999957e+01 6.000000000000000000e+00 4.000000000000000000e+00
-7.895019999999999527e+01 -1.157709999999999972e+01 4.510000000000000142e+01 1.352999999999999936e+01 6.000000000000000000e+00 4.000000000000000000e+00
-7.894320000000000448e+01 -1.157119999999999926e+01 4.229999999999999716e+01 1.268999999999999950e+01 6.000000000000000000e+00 4.000000000000000000e+00
-7.893619999999999948e+01 -1.156589999999999918e+01 4.710000000000000142e+01 1.413000000000000078e+01 6.000000000000000000e+00 4.000000000000000000e+00
-7.892889999999999873e+01 -1.155990000000000073e+01 5.170000000000000284e+01 1.550999999999999979e+01 6.000000000000000000e+00 4.000000000000000000e+00
-7.892180000000000462e+01 -1.157070000000000043e+01 5.200000000000000000e+01 1.559999999999999964e+01 6.000000000000000000e+00 4.000000000000000000e+00
-7.890649999999999409e+01 -1.154180000000000028e+01 5.539999999999999858e+01 1.662000000000000099e+01 6.000000000000000000e+00 4.000000000000000000e+00
-7.444979999999999620e+01 -4.100010000000000332e+01 3.829999999999999716e+01 1.149000000000000021e+01 8.000000000000000000e+00 4.000000000000000000e+00
-7.368170000000000641e+01 -3.621920000000000073e+01 3.489999999999999858e+01 1.047000000000000064e+01 8.000000000000000000e+00 4.000000000000000000e+00
-7.356640000000000157e+01 -3.615990000000000038e+01 3.570000000000000284e+01 1.071000000000000085e+01 8.000000000000000000e+00 4.000000000000000000e+00
-7.080029999999999291e+01 -2.197869999999999990e+01 3.550000000000000000e+01 1.065000000000000036e+01 9.000000000000000000e+00 4.000000000000000000e+00
-7.071840000000000259e+01 -2.218969999999999843e+01 4.300000000000000000e+01 1.290000000000000036e+01 9.000000000000000000e+00 4.000000000000000000e+00
-7.098890000000000100e+01 -2.397259999999999991e+01 3.779999999999999716e+01 1.133999999999999986e+01 9.000000000000000000e+00 4.000000000000000000e+00
-7.105339999999999634e+01 -2.342040000000000077e+01 2.750000000000000000e+01 8.250000000000000000e+00 9.000000000000000000e+00 4.000000000000000000e+00
-6.823160000000000025e+01 -2.328000000000000114e+01 1.700000000000000000e+01 2.969999999999999929e+01 1.000000000000000000e+01 2.000000000000000000e+00
-7.018160000000000309e+01 -2.267830000000000013e+01 1.700000000000000000e+01 1.000000000000000000e+01 1.000000000000000000e+01 2.000000000000000000e+00
-7.009329999999999927e+01 -2.343329999999999913e+01 2.400000000000000000e+01 1.000000000000000000e+01 1.000000000000000000e+01 2.000000000000000000e+00
-6.891500000000000625e+01 -2.237160000000000082e+01 5.500000000000000000e+01 3.000000000000000000e+01 1.000000000000000000e+01 2.000000000000000000e+00
-6.891330000000000666e+01 -2.281830000000000069e+01 4.700000000000000000e+01 1.000000000000000000e+01 1.000000000000000000e+01 2.000000000000000000e+00
-6.341830000000000211e+01 -1.887999999999999901e+01 4.000000000000000000e+01 1.700000000000000000e+01 1.000000000000000000e+01 2.000000000000000000e+00
-6.434829999999999472e+01 -2.268159999999999954e+01 3.900000000000000000e+01 1.700000000000000000e+01 1.000000000000000000e+01 2.000000000000000000e+00
-6.348830000000000240e+01 -2.112330000000000041e+01 3.800000000000000000e+01 1.700000000000000000e+01 1.000000000000000000e+01 2.000000000000000000e+00
-6.356329999999999814e+01 -2.008330000000000126e+01 2.100000000000000000e+01 1.700000000000000000e+01 1.000000000000000000e+01 2.000000000000000000e+00
-6.354659999999999798e+01 -1.753000000000000114e+01 3.600000000000000000e+01 1.700000000000000000e+01 1.000000000000000000e+01 2.000000000000000000e+00
-6.426160000000000139e+01 -1.705499999999999972e+01 4.200000000000000000e+01 1.700000000000000000e+01 1.000000000000000000e+01 2.000000000000000000e+00
-6.326830000000000354e+01 -1.751829999999999998e+01 4.300000000000000000e+01 1.700000000000000000e+01 1.000000000000000000e+01 2.000000000000000000e+00
-6.321999999999999886e+01 -1.930000000000000071e+01 4.000000000000000000e+01 1.700000000000000000e+01 1.000000000000000000e+01 2.000000000000000000e+00
-6.357829999999999870e+01 -2.026500000000000057e+01 3.800000000000000000e+01 1.700000000000000000e+01 1.000000000000000000e+01 2.000000000000000000e+00
-6.359830000000000183e+01 -2.199159999999999826e+01 5.500000000000000000e+01 1.700000000000000000e+01 1.000000000000000000e+01 2.000000000000000000e+00
-6.394659999999999656e+01 -2.004159999999999897e+01 3.200000000000000000e+01 1.700000000000000000e+01 1.000000000000000000e+01 2.000000000000000000e+00
-6.293330000000000268e+01 -1.754500000000000171e+01 5.400000000000000000e+01 1.700000000000000000e+01 1.000000000000000000e+01 2.000000000000000000e+00
-6.228999999999999915e+01 -1.799500000000000099e+01 3.700000000000000000e+01 1.700000000000000000e+01 1.000000000000000000e+01 2.000000000000000000e+00
-6.310000000000000142e+01 -2.117330000000000112e+01 4.900000000000000000e+01 1.700000000000000000e+01 1.000000000000000000e+01 2.000000000000000000e+00
-6.296500000000000341e+01 -1.797159999999999869e+01 3.800000000000000000e+01 1.700000000000000000e+01 1.000000000000000000e+01 2.000000000000000000e+00
-6.321500000000000341e+01 -2.076160000000000139e+01 4.300000000000000000e+01 1.700000000000000000e+01 1.000000000000000000e+01 2.000000000000000000e+00
-6.290659999999999741e+01 -1.816000000000000014e+01 4.300000000000000000e+01 1.700000000000000000e+01 1.000000000000000000e+01 2.000000000000000000e+00
-6.328329999999999700e+01 -1.848659999999999926e+01 3.900000000000000000e+01 1.700000000000000000e+01 1.000000000000000000e+01 2.000000000000000000e+00
-6.352830000000000155e+01 -1.914000000000000057e+01 3.600000000000000000e+01 1.700000000000000000e+01 1.000000000000000000e+01 2.000000000000000000e+00
-6.222160000000000224e+01 -1.837500000000000000e+01 4.500000000000000000e+01 1.700000000000000000e+01 1.000000000000000000e+01 2.000000000000000000e+00
-6.328829999999999956e+01 -2.124500000000000099e+01 4.200000000000000000e+01 1.700000000000000000e+01 1.000000000000000000e+01 2.000000000000000000e+00
-6.318500000000000227e+01 -2.092999999999999972e+01 4.700000000000000000e+01 1.700000000000000000e+01 1.000000000000000000e+01 2.000000000000000000e+00
-6.403830000000000666e+01 -1.701829999999999998e+01 4.300000000000000000e+01 1.700000000000000000e+01 1.000000000000000000e+01 2.000000000000000000e+00
-6.295660000000000167e+01 -2.025159999999999982e+01 3.800000000000000000e+01 2.000000000000000000e+01 1.000000000000000000e+01 2.000000000000000000e+00
-6.837000000000000455e+01 -2.733299999999999841e+01 1.000000000000000000e+02 1.559999999999999964e+01 1.100000000000000000e+01 3.000000000000000000e+00
-6.808299999999999841e+01 -2.692000000000000171e+01 1.050000000000000000e+02 1.559999999999999964e+01 1.100000000000000000e+01 3.000000000000000000e+00
-6.654999999999999716e+01 -2.437000000000000099e+01 1.000000000000000000e+02 1.559999999999999964e+01 1.100000000000000000e+01 3.000000000000000000e+00
-6.645000000000000284e+01 -2.426999999999999957e+01 1.210000000000000000e+02 1.559999999999999964e+01 1.100000000000000000e+01 3.000000000000000000e+00
-7.641160000000000707e+01 -4.739330000000000354e+01 1.290000000000000000e+02 1.290000000000000036e+01 1.200000000000000000e+01 1.000000000000000000e+00
-7.637000000000000455e+01 -4.738000000000000256e+01 1.160000000000000000e+02 1.159999999999999964e+01 1.200000000000000000e+01 1.000000000000000000e+00
-7.613670000000000471e+01 -4.731669999999999732e+01 1.120000000000000000e+02 1.119999999999999929e+01 1.200000000000000000e+01 1.000000000000000000e+00
-7.574830000000000041e+01 -4.590670000000000073e+01 1.160000000000000000e+02 1.159999999999999964e+01 1.200000000000000000e+01 1.000000000000000000e+00
-7.588160000000000593e+01 -4.590829999999999700e+01 9.000000000000000000e+01 9.000000000000000000e+00 1.200000000000000000e+01 1.000000000000000000e+00
-7.581669999999999732e+01 -4.773329999999999984e+01 7.900000000000000000e+01 7.900000000000000355e+00 1.200000000000000000e+01 1.000000000000000000e+00
-7.579829999999999757e+01 -4.773329999999999984e+01 1.100000000000000000e+02 1.100000000000000000e+01 1.200000000000000000e+01 1.000000000000000000e+00
-7.579659999999999798e+01 -4.773329999999999984e+01 9.200000000000000000e+01 9.199999999999999289e+00 1.200000000000000000e+01 1.000000000000000000e+00
-7.576330000000000098e+01 -4.774159999999999826e+01 1.160000000000000000e+02 1.159999999999999964e+01 1.200000000000000000e+01 1.000000000000000000e+00
-7.578660000000000707e+01 -4.506499999999999773e+01 7.200000000000000000e+01 7.200000000000000178e+00 1.200000000000000000e+01 1.000000000000000000e+00
-7.582999999999999829e+01 -4.507159999999999656e+01 8.000000000000000000e+01 8.000000000000000000e+00 1.200000000000000000e+01 1.000000000000000000e+00
-7.588500000000000512e+01 -4.506329999999999814e+01 6.200000000000000000e+01 6.200000000000000178e+00 1.200000000000000000e+01 1.000000000000000000e+00
-7.575000000000000000e+01 -4.589999999999999858e+01 1.210000000000000000e+02 1.209999999999999964e+01 1.300000000000000000e+01 1.000000000000000000e+00
-7.568999999999999773e+01 -4.589999999999999858e+01 6.400000000000000000e+01 6.400000000000000355e+00 1.300000000000000000e+01 1.000000000000000000e+00
-7.552960000000000207e+01 -4.283509999999999707e+01 5.900000000000000000e+01 1.769999999999999929e+01 1.400000000000000000e+01 4.000000000000000000e+00
-7.587229999999999563e+01 -4.556419999999999959e+01 6.709999999999999432e+01 2.012999999999999901e+01 1.400000000000000000e+01 4.000000000000000000e+00
-7.520619999999999550e+01 -4.279279999999999973e+01 5.900000000000000000e+01 1.769999999999999929e+01 1.400000000000000000e+01 4.000000000000000000e+00
-7.502620000000000289e+01 -4.067530000000000001e+01 4.000000000000000000e+01 1.200000000000000000e+01 1.400000000000000000e+01 4.000000000000000000e+00
-7.501500000000000057e+01 -4.067439999999999856e+01 4.700000000000000000e+01 1.409999999999999964e+01 1.400000000000000000e+01 4.000000000000000000e+00
-7.246580000000000155e+01 -4.722259999999999991e+01 1.040000000000000000e+02 8.000000000000000000e+00 1.500000000000000000e+01 2.000000000000000000e+00
-7.247450000000000614e+01 -4.724799999999999756e+01 1.220000000000000000e+02 1.200000000000000000e+01 1.500000000000000000e+01 2.000000000000000000e+00
-7.238580000000000325e+01 -4.722200000000000131e+01 8.400000000000000000e+01 5.000000000000000000e+00 1.500000000000000000e+01 2.000000000000000000e+00
-7.253849999999999909e+01 -4.666629999999999967e+01 9.500000000000000000e+01 9.000000000000000000e+00 1.500000000000000000e+01 2.000000000000000000e+00
-7.260829999999999984e+01 -4.667830000000000013e+01 1.200000000000000000e+02 9.000000000000000000e+00 1.500000000000000000e+01 2.000000000000000000e+00
-7.244150000000000489e+01 -4.663100000000000023e+01 9.300000000000000000e+01 1.000000000000000000e+01 1.500000000000000000e+01 2.000000000000000000e+00
-7.214520000000000266e+01 -4.655550000000000210e+01 1.170000000000000000e+02 2.100000000000000000e+01 1.500000000000000000e+01 2.000000000000000000e+00
-7.206520000000000437e+01 -4.651030000000000086e+01 8.600000000000000000e+01 1.900000000000000000e+01 1.500000000000000000e+01 2.000000000000000000e+00
-7.235639999999999361e+01 -3.347189999999999799e+01 3.400000000000000000e+01 1.019999999999999929e+01 1.700000000000000000e+01 4.000000000000000000e+00
-7.233740000000000236e+01 -3.347809999999999775e+01 3.800000000000000000e+01 1.140000000000000036e+01 1.700000000000000000e+01 4.000000000000000000e+00
-7.231810000000000116e+01 -3.348140000000000072e+01 4.600000000000000000e+01 1.380000000000000071e+01 1.700000000000000000e+01 4.000000000000000000e+00
-7.230140000000000100e+01 -3.348420000000000130e+01 5.000000000000000000e+01 1.500000000000000000e+01 1.700000000000000000e+01 4.000000000000000000e+00
-7.228090000000000259e+01 -3.348879999999999768e+01 5.700000000000000000e+01 1.710000000000000142e+01 1.700000000000000000e+01 4.000000000000000000e+00
-7.226179999999999382e+01 -3.349269999999999925e+01 5.300000000000000000e+01 1.590000000000000036e+01 1.700000000000000000e+01 4.000000000000000000e+00
-7.224379999999999313e+01 -3.349669999999999703e+01 5.200000000000000000e+01 1.559999999999999964e+01 1.700000000000000000e+01 4.000000000000000000e+00
-7.222520000000000095e+01 -3.350180000000000291e+01 5.500000000000000000e+01 1.650000000000000000e+01 1.700000000000000000e+01 4.000000000000000000e+00
-7.220640000000000214e+01 -3.350569999999999737e+01 5.900000000000000000e+01 1.769999999999999929e+01 1.700000000000000000e+01 4.000000000000000000e+00
-7.218729999999999336e+01 -3.305100000000000193e+01 6.800000000000000000e+01 2.039999999999999858e+01 1.700000000000000000e+01 4.000000000000000000e+00
-7.216889999999999361e+01 -3.351440000000000197e+01 8.500000000000000000e+01 2.550000000000000000e+01 1.700000000000000000e+01 4.000000000000000000e+00
-7.215080000000000382e+01 -3.351859999999999928e+01 9.500000000000000000e+01 2.850000000000000000e+01 1.700000000000000000e+01 4.000000000000000000e+00
-7.213139999999999930e+01 -3.352279999999999660e+01 1.140000000000000000e+02 3.420000000000000284e+01 1.700000000000000000e+01 4.000000000000000000e+00
-7.241599999999999682e+01 -3.345960000000000178e+01 3.400000000000000000e+01 1.019999999999999929e+01 1.700000000000000000e+01 4.000000000000000000e+00
-7.239499999999999602e+01 -3.346329999999999671e+01 3.400000000000000000e+01 1.019999999999999929e+01 1.700000000000000000e+01 4.000000000000000000e+00
-7.237560000000000571e+01 -3.346730000000000160e+01 3.700000000000000000e+01 1.109999999999999964e+01 1.700000000000000000e+01 4.000000000000000000e+00
-7.226370000000000005e+01 -3.350169999999999959e+01 5.100000000000000000e+01 1.530000000000000071e+01 1.700000000000000000e+01 4.000000000000000000e+00
-7.226510000000000389e+01 -3.351069999999999993e+01 5.600000000000000000e+01 1.680000000000000071e+01 1.700000000000000000e+01 4.000000000000000000e+00
-7.226760000000000161e+01 -3.351760000000000161e+01 5.500000000000000000e+01 1.650000000000000000e+01 1.700000000000000000e+01 4.000000000000000000e+00
-7.227079999999999416e+01 -3.352570000000000050e+01 5.400000000000000000e+01 1.619999999999999929e+01 1.700000000000000000e+01 4.000000000000000000e+00
-7.227299999999999613e+01 -3.353399999999999892e+01 5.600000000000000000e+01 1.680000000000000071e+01 1.700000000000000000e+01 4.000000000000000000e+00
-7.227549999999999386e+01 -3.354180000000000206e+01 5.800000000000000000e+01 1.739999999999999858e+01 1.700000000000000000e+01 4.000000000000000000e+00
-7.227779999999999916e+01 -3.354979999999999762e+01 5.600000000000000000e+01 1.680000000000000071e+01 1.700000000000000000e+01 4.000000000000000000e+00
-7.228040000000000020e+01 -3.355810000000000315e+01 5.700000000000000000e+01 1.710000000000000142e+01 1.700000000000000000e+01 4.000000000000000000e+00
-7.328539999999999566e+01 -3.526789999999999736e+01 4.000000000000000000e+01 1.200000000000000000e+01 1.700000000000000000e+01 4.000000000000000000e+00
-7.326800000000000068e+01 -3.527129999999999654e+01 5.000000000000000000e+01 1.500000000000000000e+01 1.700000000000000000e+01 4.000000000000000000e+00
-7.324899999999999523e+01 -3.527669999999999817e+01 5.700000000000000000e+01 1.710000000000000142e+01 1.700000000000000000e+01 4.000000000000000000e+00
-7.322889999999999588e+01 -3.528099999999999881e+01 5.300000000000000000e+01 1.590000000000000036e+01 1.700000000000000000e+01 4.000000000000000000e+00
-7.320980000000000132e+01 -3.528699999999999903e+01 5.200000000000000000e+01 1.559999999999999964e+01 1.700000000000000000e+01 4.000000000000000000e+00
-7.319140000000000157e+01 -3.529270000000000351e+01 4.400000000000000000e+01 1.319999999999999929e+01 1.700000000000000000e+01 4.000000000000000000e+00
-7.317210000000000036e+01 -3.529849999999999710e+01 5.400000000000000000e+01 1.619999999999999929e+01 1.700000000000000000e+01 4.000000000000000000e+00
-7.315340000000000487e+01 -3.530389999999999873e+01 5.500000000000000000e+01 1.650000000000000000e+01 1.700000000000000000e+01 4.000000000000000000e+00
-7.313240000000000407e+01 -3.531040000000000134e+01 6.600000000000000000e+01 1.980000000000000071e+01 1.700000000000000000e+01 4.000000000000000000e+00
-7.311480000000000246e+01 -3.531600000000000250e+01 8.400000000000000000e+01 2.519999999999999929e+01 1.700000000000000000e+01 4.000000000000000000e+00
-7.309449999999999648e+01 -3.532090000000000174e+01 7.300000000000000000e+01 2.189999999999999858e+01 1.700000000000000000e+01 4.000000000000000000e+00
-7.307559999999999434e+01 -3.532560000000000144e+01 8.300000000000000000e+01 2.489999999999999858e+01 1.700000000000000000e+01 4.000000000000000000e+00
-7.305629999999999313e+01 -3.533160000000000167e+01 1.020000000000000000e+02 3.060000000000000142e+01 1.700000000000000000e+01 4.000000000000000000e+00
-7.303759999999999764e+01 -3.533679999999999666e+01 1.420000000000000000e+02 4.260000000000000142e+01 1.700000000000000000e+01 4.000000000000000000e+00
-7.352719999999999345e+01 -3.590409999999999968e+01 1.200000000000000000e+02 3.600000000000000000e+01 1.700000000000000000e+01 4.000000000000000000e+00
-7.355620000000000402e+01 -3.590440000000000254e+01 1.060000000000000000e+02 3.180000000000000071e+01 1.700000000000000000e+01 4.000000000000000000e+00
-7.367249999999999943e+01 -3.590460000000000207e+01 6.900000000000000000e+01 2.069999999999999929e+01 1.700000000000000000e+01 4.000000000000000000e+00
-7.339719999999999800e+01 -3.590429999999999922e+01 6.900000000000000000e+01 2.069999999999999929e+01 1.700000000000000000e+01 4.000000000000000000e+00
-7.134999999999999432e+01 -2.336670000000000158e+01 9.630000000000000782e+00 9.629999999999999671e-01 1.800000000000000000e+01 1.000000000000000000e+00
-7.261669999999999447e+01 -3.141669999999999874e+01 3.139999999999999858e+01 3.140000000000000124e+00 1.800000000000000000e+01 1.000000000000000000e+00
-6.692300000000000182e+01 -3.348100000000000165e+01 5.585000000000000142e+01 5.580000000000000071e+00 1.900000000000000000e+01 2.000000000000000000e+00
-6.195700000000000074e+01 -2.685399999999999920e+01 6.559999999999999432e+01 6.559999999999999609e+00 1.900000000000000000e+01 2.000000000000000000e+00
-6.677500000000000568e+01 -3.375800000000000267e+01 6.046000000000000085e+01 6.049999999999999822e+00 1.900000000000000000e+01 2.000000000000000000e+00
-6.679500000000000171e+01 -3.375900000000000034e+01 5.411999999999999744e+01 5.410000000000000142e+00 1.900000000000000000e+01 2.000000000000000000e+00
-6.819400000000000261e+01 -3.008299999999999841e+01 3.745000000000000284e+01 3.750000000000000000e+00 1.900000000000000000e+01 2.000000000000000000e+00
-6.210499999999999687e+01 -3.312199999999999989e+01 5.589000000000000057e+01 5.589999999999999858e+00 1.900000000000000000e+01 2.000000000000000000e+00
-6.277199999999999847e+01 -2.654400000000000048e+01 6.750000000000000000e+01 6.750000000000000000e+00 1.900000000000000000e+01 2.000000000000000000e+00
-6.177499999999999858e+01 -2.990800000000000125e+01 5.346999999999999886e+01 5.349999999999999645e+00 1.900000000000000000e+01 2.000000000000000000e+00
-6.183200000000000074e+01 -2.646199999999999974e+01 5.996999999999999886e+01 6.000000000000000000e+00 1.900000000000000000e+01 2.000000000000000000e+00
-6.661499999999999488e+01 -3.381199999999999761e+01 6.596999999999999886e+01 6.599999999999999645e+00 1.900000000000000000e+01 2.000000000000000000e+00
-6.239500000000000313e+01 -2.604299999999999926e+01 6.837000000000000455e+01 6.839999999999999858e+00 1.900000000000000000e+01 2.000000000000000000e+00
-6.478300000000000125e+01 -2.678300000000000125e+01 1.007600000000000051e+02 1.008000000000000007e+01 1.900000000000000000e+01 2.000000000000000000e+00
-6.668000000000000682e+01 -3.320300000000000296e+01 5.797999999999999687e+01 5.799999999999999822e+00 1.900000000000000000e+01 2.000000000000000000e+00
-6.154899999999999949e+01 -2.735800000000000054e+01 7.331000000000000227e+01 7.330000000000000071e+00 1.900000000000000000e+01 2.000000000000000000e+00
-6.396999999999999886e+01 -3.395100000000000051e+01 4.960999999999999943e+01 4.959999999999999964e+00 1.900000000000000000e+01 2.000000000000000000e+00
-6.859600000000000364e+01 -2.951000000000000156e+01 4.221000000000000085e+01 4.219999999999999751e+00 1.900000000000000000e+01 2.000000000000000000e+00
-6.758499999999999375e+01 -3.475800000000000267e+01 6.534000000000000341e+01 6.530000000000000249e+00 1.900000000000000000e+01 2.000000000000000000e+00
-6.199600000000000222e+01 -3.142999999999999972e+01 5.277000000000000313e+01 5.280000000000000249e+00 1.900000000000000000e+01 2.000000000000000000e+00
-6.112800000000000011e+01 -2.705399999999999849e+01 5.872999999999999687e+01 5.870000000000000107e+00 1.900000000000000000e+01 2.000000000000000000e+00
-6.125999999999999801e+01 -2.842899999999999849e+01 6.207000000000000028e+01 6.209999999999999964e+00 1.900000000000000000e+01 2.000000000000000000e+00
-6.845999999999999375e+01 -3.028099999999999881e+01 5.400999999999999801e+01 5.400000000000000355e+00 1.900000000000000000e+01 2.000000000000000000e+00
-6.715000000000000568e+01 -3.180000000000000071e+01 6.403000000000000114e+01 6.400000000000000355e+00 1.900000000000000000e+01 2.000000000000000000e+00
-6.402400000000000091e+01 -2.633800000000000097e+01 7.307999999999999829e+01 7.309999999999999609e+00 1.900000000000000000e+01 2.000000000000000000e+00
-6.413599999999999568e+01 -2.625900000000000034e+01 7.837999999999999545e+01 7.839999999999999858e+00 1.900000000000000000e+01 2.000000000000000000e+00
-6.265200000000000102e+01 -2.576000000000000156e+01 7.370999999999999375e+01 7.370000000000000107e+00 1.900000000000000000e+01 2.000000000000000000e+00
-6.711599999999999966e+01 -3.402400000000000091e+01 7.473000000000000398e+01 7.469999999999999751e+00 1.900000000000000000e+01 2.000000000000000000e+00
-6.715999999999999659e+01 -3.397699999999999676e+01 7.540000000000000568e+01 7.540000000000000036e+00 1.900000000000000000e+01 2.000000000000000000e+00
-6.314900000000000091e+01 -2.835399999999999920e+01 6.504999999999999716e+01 6.500000000000000000e+00 1.900000000000000000e+01 2.000000000000000000e+00
-5.839200000000000301e+01 -2.600900000000000034e+01 4.985999999999999943e+01 4.990000000000000213e+00 1.900000000000000000e+01 2.000000000000000000e+00
-6.859300000000000352e+01 -3.079700000000000060e+01 3.927000000000000313e+01 3.930000000000000160e+00 1.900000000000000000e+01 2.000000000000000000e+00
-6.858400000000000318e+01 -3.044200000000000017e+01 4.454999999999999716e+01 4.450000000000000178e+00 1.900000000000000000e+01 2.000000000000000000e+00
-5.978699999999999903e+01 -3.239800000000000324e+01 6.363000000000000256e+01 6.360000000000000320e+00 1.900000000000000000e+01 2.000000000000000000e+00
-6.375200000000000244e+01 -2.539300000000000068e+01 6.934000000000000341e+01 6.929999999999999716e+00 1.900000000000000000e+01 2.000000000000000000e+00
-6.282699999999999818e+01 -3.285000000000000142e+01 5.847999999999999687e+01 5.849999999999999645e+00 1.900000000000000000e+01 2.000000000000000000e+00
-6.007200000000000273e+01 -2.640800000000000125e+01 5.386999999999999744e+01 5.389999999999999680e+00 1.900000000000000000e+01 2.000000000000000000e+00
-5.905400000000000205e+01 -2.568299999999999983e+01 5.771000000000000085e+01 5.769999999999999574e+00 1.900000000000000000e+01 2.000000000000000000e+00
-6.836700000000000443e+01 -2.997200000000000131e+01 4.378000000000000114e+01 4.379999999999999893e+00 1.900000000000000000e+01 2.000000000000000000e+00
-6.934699999999999420e+01 -3.542199999999999704e+01 7.181999999999999318e+01 7.179999999999999716e+00 1.900000000000000000e+01 2.000000000000000000e+00
-6.695999999999999375e+01 -3.328600000000000136e+01 7.167000000000000171e+01 7.169999999999999929e+00 1.900000000000000000e+01 2.000000000000000000e+00
-6.286299999999999955e+01 -2.412900000000000134e+01 7.709000000000000341e+01 7.709999999999999964e+00 1.900000000000000000e+01 2.000000000000000000e+00
-6.206900000000000261e+01 -3.250900000000000034e+01 5.104999999999999716e+01 5.110000000000000320e+00 1.900000000000000000e+01 2.000000000000000000e+00
-6.697799999999999443e+01 -3.138200000000000145e+01 5.281000000000000227e+01 5.280000000000000249e+00 1.900000000000000000e+01 2.000000000000000000e+00
-6.885599999999999454e+01 -3.228199999999999648e+01 4.790999999999999659e+01 4.790000000000000036e+00 1.900000000000000000e+01 2.000000000000000000e+00
-6.295600000000000307e+01 -2.886400000000000077e+01 6.014999999999999858e+01 6.009999999999999787e+00 1.900000000000000000e+01 2.000000000000000000e+00
-6.668000000000000682e+01 -3.405599999999999739e+01 7.040999999999999659e+01 7.040000000000000036e+00 1.900000000000000000e+01 2.000000000000000000e+00
