-4.200000000000000261e-02
-4.000000000000000083e-02
-4.100000000000000172e-02
-4.200000000000000261e-02
-3.500000000000000333e-02
-4.900000000000000189e-02
-4.900000000000000189e-02
-7.000000000000000146e-03
-2.750000000000000014e-02
-4.499999999999999833e-02
-4.499999999999999833e-02
-5.999999999999999778e-02
-4.599999999999999922e-02
-4.399999999999999745e-02
-3.200000000000000067e-02
-4.399999999999999745e-02
-6.600000000000000311e-02
-1.700000000000000122e-02
-3.500000000000000333e-02
-5.700000000000000205e-02
-7.499999999999999722e-02
-5.000000000000000278e-02
-1.000000000000000056e-01
-8.170000000000000873e-02
-7.799999999999999989e-02
-1.000000000000000056e-01
-1.049999999999999961e-01
-7.699999999999999900e-02
-7.499999999999999722e-02
-7.299999999999999545e-02
-7.000000000000000666e-02
-9.400000000000000022e-02
-8.300000000000000433e-02
-9.400000000000000022e-02
-5.500000000000000028e-02
-2.699999999999999969e-02
-1.089999999999999997e-01
-6.600000000000000311e-02
-6.800000000000000488e-02
-7.499999999999999722e-02
-9.900000000000000466e-02
-1.120000000000000023e-01
-1.059999999999999970e-01
-8.999999999999999667e-02
-6.199999999999999956e-02
-6.099999999999999867e-02
-7.900000000000000078e-02
-2.299999999999999961e-02
-3.600000000000000422e-02
-3.600000000000000422e-02
-1.000000000000000021e-02
-3.600000000000000422e-02
-5.999999999999999778e-02
-1.100000000000000006e-01
-8.799999999999999489e-02
-2.999999999999999889e-02
-7.200000000000000844e-02
-8.500000000000000611e-02
-8.500000000000000611e-02
-8.000000000000000167e-02
-1.040000000000000091e-01
-9.500000000000000111e-02
-7.499999999999999722e-02
-1.120000000000000023e-01
-1.190000000000000085e-01
-4.100000000000000172e-02
-4.200000000000000261e-02
-7.699999999999999900e-02
-6.900000000000000577e-02
-5.500000000000000028e-02
-7.699999999999999900e-02
-5.909999999999999976e-02
-3.590000000000000135e-02
-4.110000000000000459e-02
-3.470000000000000168e-02
-4.839999999999999858e-02
-4.510000000000000120e-02
-4.229999999999999732e-02
-4.710000000000000298e-02
-5.170000000000000290e-02
-5.200000000000000455e-02
-5.539999999999999786e-02
-3.830000000000000071e-02
-3.490000000000000047e-02
-3.570000000000000256e-02
-3.550000000000000377e-02
-4.300000000000000350e-02
-1.700000000000000122e-02
-3.780000000000000027e-02
-7.000000000000000146e-03
-2.750000000000000014e-02
-1.700000000000000122e-02
-1.700000000000000122e-02
-2.400000000000000050e-02
-5.500000000000000028e-02
-4.700000000000000011e-02
-4.000000000000000083e-02
-3.899999999999999994e-02
-3.799999999999999906e-02
-2.100000000000000130e-02
-3.600000000000000422e-02
-4.200000000000000261e-02
-4.300000000000000350e-02
-4.000000000000000083e-02
-3.799999999999999906e-02
-5.500000000000000028e-02
-3.200000000000000067e-02
-5.399999999999999939e-02
-3.699999999999999817e-02
-4.900000000000000189e-02
-3.799999999999999906e-02
-4.300000000000000350e-02
-4.300000000000000350e-02
-3.899999999999999994e-02
-3.600000000000000422e-02
-4.499999999999999833e-02
-4.200000000000000261e-02
-4.700000000000000011e-02
-4.300000000000000350e-02
-3.799999999999999906e-02
-1.000000000000000056e-01
-1.049999999999999961e-01
-1.000000000000000056e-01
-5.900000000000000383e-02
-5.900000000000000383e-02
-4.000000000000000083e-02
-4.700000000000000011e-02
-3.400000000000000244e-02
-3.799999999999999906e-02
-4.599999999999999922e-02
-5.000000000000000278e-02
-5.700000000000000205e-02
-5.299999999999999850e-02
-5.200000000000000455e-02
-5.500000000000000028e-02
-5.900000000000000383e-02
-6.800000000000000488e-02
-8.500000000000000611e-02
-9.500000000000000111e-02
-1.140000000000000041e-01
-3.400000000000000244e-02
-3.400000000000000244e-02
-3.699999999999999817e-02
-5.100000000000000366e-02
-5.600000000000000117e-02
-5.500000000000000028e-02
-5.399999999999999939e-02
-5.600000000000000117e-02
-5.800000000000000294e-02
-5.600000000000000117e-02
-5.700000000000000205e-02
-4.000000000000000083e-02
-5.000000000000000278e-02
-5.700000000000000205e-02
-5.299999999999999850e-02
-5.200000000000000455e-02
-4.399999999999999745e-02
-5.399999999999999939e-02
-5.500000000000000028e-02
-6.600000000000000311e-02
-8.400000000000000522e-02
-7.299999999999999545e-02
-8.300000000000000433e-02
-1.020000000000000073e-01
-1.199999999999999956e-01
-1.059999999999999970e-01
-6.900000000000000577e-02
-6.900000000000000577e-02
-9.630000000000001406e-03
-3.139999999999999736e-02
