-1.310739585409851138e+01
-1.240059247676698284e+01
-1.169378909943545075e+01
-1.098698572210391688e+01
-1.028018234477239012e+01
-9.573378967440856258e+00
-8.866575590109327720e+00
-8.159772212777795630e+00
-7.452968835446263540e+00
-6.746165458114732338e+00
-6.039362080783198472e+00
-5.332558703451671711e+00
-4.625755326120136957e+00
-3.918951948788607531e+00
-3.212148571457075441e+00
-2.505345194125547348e+00
-1.798541816794014370e+00
-1.091738439462480725e+00
-3.849350621309491349e-01
3.218683152005790693e-01
1.028671692532112214e+00
1.735475069863640529e+00
2.442278447195172397e+00
3.149081824526700490e+00
3.855885201858237465e+00
4.562688579189767779e+00
5.269491956521298093e+00
5.976295333852826630e+00
6.683098711184359608e+00
7.389902088515890810e+00
8.096705465847421124e+00
