2.379404867099327703e+01
2.348218860230166172e+01
2.318999485377583625e+01
2.291821963961967512e+01
2.266759740133839074e+01
2.243883693100181631e+01
2.223261307293038058e+01
2.204955817364134063e+01
2.189025348465766996e+01
2.175522075180933967e+01
2.164491424480491943e+01
2.155971348922747666e+01
2.149991695746312814e+01
2.146573695417092154e+01
2.145729589582810348e+01
2.147462413417751748e+01
2.151765941302383212e+01
2.158624798090674446e+01
2.168014731359368596e+01
2.179903033514705868e+01
2.194249096920890807e+01
2.211005080687473168e+01
2.230116664658969228e+01
2.251523864592516233e+01
2.275161882448311346e+01
2.300961966990766783e+01
2.328852262254186201e+01
2.358758624563143513e+01
2.390605392399953288e+01
2.424316097184648555e+01
2.459814106724658345e+01
