1.030556646451730707e+01
1.287872845831352420e+00
-1.456837283984980358e+00
-2.913187613680943588e+00
-3.850540352401642163e+00
-4.518343451987417936e+00
-5.025116727850512000e+00
-5.426657477318670431e+00
-5.754976102167096208e+00
-6.029923882170042049e+00
-6.264551929526889218e+00
-6.467840066474891181e+00
-6.646196514196402561e+00
-6.804333341030552873e+00
-6.945803203704558726e+00
-7.073342099202889699e+00
-7.189095889545370710e+00
-7.294774479055734062e+00
-7.391759456134216144e+00
-7.481180937371068040e+00
-7.563973513765249734e+00
-7.640917699711177846e+00
-7.712671125012606765e+00
-7.779792340672469386e+00
-7.842759220332122361e+00
