2.961822016164689586e+01
2.147293976829154616e+01
2.054466014725448630e+01
2.044504356971273396e+01
2.052958830561629711e+01
2.066016811405746978e+01
2.079760506180751989e+01
2.092953309058308164e+01
2.105224758391674555e+01
2.116510823798214957e+01
2.126857786937580741e+01
2.136347952398525507e+01
2.145070490922390150e+01
2.153110176491085426e+01
2.160543509060444478e+01
2.167437918311878775e+01
2.173852212090377733e+01
2.179837469473823930e+01
2.185438030911527107e+01
2.190692440527857698e+01
2.195634287346376468e+01
2.200292933186755207e+01
2.204694132489388281e+01
2.208860555902139566e+01
2.212812231048031819e+01
