-3.708637099858407993e+01 -3.519051093919417639e+01 -3.329465087980426574e+01 -3.139879082041435865e+01 -2.950293076102445866e+01 -2.760707070163455157e+01 -2.571121064224464448e+01 -2.381535058285473738e+01 -2.191949052346483384e+01 -2.002363046407493030e+01 -1.812777040468502321e+01 -1.623191034529511967e+01 -1.433605028590521258e+01 -1.244019022651530726e+01 -1.054433016712540017e+01 -8.648470107735501955e+00
-3.567276424392101575e+01 -3.377690418453110510e+01 -3.188104412514120867e+01 -2.998518406575129802e+01 -2.808932400636138738e+01 -2.619346394697149449e+01 -2.429760388758158385e+01 -2.240174382819167320e+01 -2.050588376880177321e+01 -1.861002370941186967e+01 -1.671416365002196258e+01 -1.481830359063205726e+01 -1.292244353124215017e+01 -1.102658347185224663e+01 -9.130723412462341315e+00 -7.234863353072436887e+00
-3.425915748925795157e+01 -3.236329742986805513e+01 -3.046743737047814449e+01 -2.857157731108823384e+01 -2.667571725169833030e+01 -2.477985719230842676e+01 -2.288399713291851967e+01 -2.098813707352861258e+01 -1.909227701413871259e+01 -1.719641695474881260e+01 -1.530055689535890018e+01 -1.340469683596899664e+01 -1.150883677657908954e+01 -9.612976717189186004e+00 -7.717116657799282464e+00 -5.821256598409378036e+00
-3.284555073459488739e+01 -3.094969067520498385e+01 -2.905383061581508031e+01 -2.715797055642517321e+01 -2.526211049703526967e+01 -2.336625043764536258e+01 -2.147039037825545904e+01 -1.957453031886555195e+01 -1.767867025947565196e+01 -1.578281020008574487e+01 -1.388695014069583955e+01 -1.199109008130593423e+01 -1.009523002191602536e+01 -8.199369962526120048e+00 -6.303509903136217396e+00 -4.407649843746312079e+00
-3.143194397993182676e+01 -2.953608392054191967e+01 -2.764022386115201613e+01 -2.574436380176210903e+01 -2.384850374237220549e+01 -2.195264368298230195e+01 -2.005678362359239486e+01 -1.816092356420248422e+01 -1.626506350481258778e+01 -1.436920344542268424e+01 -1.247334338603277892e+01 -1.057748332664286650e+01 -8.681623267252962961e+00 -6.785763207863060309e+00 -4.889903148473152328e+00 -2.994043089083251008e+00
-3.001833722526875903e+01 -2.812247716587885549e+01 -2.622661710648895195e+01 -2.433075704709904485e+01 -2.243489698770913776e+01 -2.053903692831923777e+01 -1.864317686892933423e+01 -1.674731680953942359e+01 -1.485145675014952005e+01 -1.295559669075961828e+01 -1.105973663136970941e+01 -9.163876571979804098e+00 -7.268016512589896116e+00 -5.372156453199994353e+00 -3.476296393810089480e+00 -1.580436334420186606e+00
-2.860473047060570195e+01 -2.670887041121579486e+01 -2.481301035182589132e+01 -2.291715029243598423e+01 -2.102129023304608069e+01 -1.912543017365617715e+01 -1.722957011426626650e+01 -1.533371005487636296e+01 -1.343784999548646120e+01 -1.154198993609655410e+01 -9.646129876706650563e+00 -7.750269817316745247e+00 -5.854409757926834601e+00 -3.958549698536932837e+00 -2.062689639147028853e+00 -1.668295797571261174e-01
-2.719112371594263777e+01 -2.529526365655273779e+01 -2.339940359716283069e+01 -2.150354353777292360e+01 -1.960768347838302361e+01 -1.771182341899311652e+01 -1.581596335960320765e+01 -1.392010330021330233e+01 -1.202424324082339702e+01 -1.012838318143349703e+01 -8.232523122043589936e+00 -6.336663062653683731e+00 -4.440803003263773974e+00 -2.544942943873873542e+00 -6.490828844839656719e-01 1.246777174905933760e+00
-2.577751696127957715e+01 -2.388165690188967005e+01 -2.198579684249976651e+01 -2.008993678310985587e+01 -1.819407672371995588e+01 -1.629821666433005234e+01 -1.440235660494014525e+01 -1.250649654555023638e+01 -1.061063648616033639e+01 -8.714776426770432849e+00 -6.818916367380526644e+00 -4.923056307990618663e+00 -3.027196248600712902e+00 -1.131336189210809806e+00 7.645238701790960656e-01 2.660383929568997274e+00
-2.436391020661651297e+01 -2.246805014722660587e+01 -2.057219008783670589e+01 -1.867633002844679879e+01 -1.678046996905689170e+01 -1.488460990966698638e+01 -1.298874985027708462e+01 -1.109288979088717220e+01 -9.197029731497272209e+00 -7.301169672107371333e+00 -5.405309612717463352e+00 -3.509449553327555371e+00 -1.613589493937650277e+00 2.822705654522533747e-01 2.178130624842159246e+00 4.073990684232061454e+00
-2.295030345195344879e+01 -2.105444339256354525e+01 -1.915858333317364526e+01 -1.726272327378373461e+01 -1.536686321439382930e+01 -1.347100315500392931e+01 -1.157514309561401866e+01 -9.679283036224113346e+00 -7.783422976834210694e+00 -5.887562917444307153e+00 -3.991702858054398728e+00 -2.095842798664495188e+00 -1.999827392745871235e-01 1.695877320115314779e+00 3.591737379505220762e+00 5.487597438895122970e+00
-2.153669669729039171e+01 -1.964083663790048462e+01 -1.774497657851058463e+01 -1.584911651912067576e+01 -1.395325645973076867e+01 -1.205739640034086513e+01 -1.016153634095096159e+01 -8.265676281561052718e+00 -6.369816222171150066e+00 -4.473956162781248302e+00 -2.578096103391340765e+00 -6.822360440014371141e-01 1.213624015388472310e+00 3.109484074778375184e+00 5.005344134168283610e+00 6.901204193558185374e+00
-2.012308994262732398e+01 -1.822722988323742399e+01 -1.633136982384751690e+01 -1.443550976445761336e+01 -1.253964970506770449e+01 -1.064378964567780095e+01 -8.747929586287895631e+00 -6.852069526897989427e+00 -4.956209467508086775e+00 -3.060349408118182346e+00 -1.164489348728277029e+00 7.313707106616297304e-01 2.627230770051537601e+00 4.523090829441439809e+00 6.418950888831346013e+00 8.314810948221248665e+00
-1.870948318796426690e+01 -1.681362312857436336e+01 -1.491776306918445272e+01 -1.302190300979454740e+01 -1.112604295040464386e+01 -9.230182891014740321e+00 -7.334322831624833228e+00 -5.438462772234924358e+00 -3.542602712845023483e+00 -1.646742653455121053e+00 2.491174059347843750e-01 2.144977465324692467e+00 4.040837524714598672e+00 5.936697584104502212e+00 7.832557643494409305e+00 9.728417702884311069e+00
-1.729587643330120628e+01 -1.540001637391130096e+01 -1.350415631452139387e+01 -1.160829625513148677e+01 -9.712436195741585010e+00 -7.816576136351679693e+00 -5.920716076961773489e+00 -4.024856017571866396e+00 -2.128995958181964188e+00 -2.331358987920603143e-01 1.662724160597845779e+00 3.558584219987750430e+00 5.454444279377659299e+00 7.350304338767561063e+00 9.246164398157468156e+00 1.114202445754736814e+01
-1.588226967863813854e+01 -1.398640961924823856e+01 -1.209054955985833324e+01 -1.019468950046842437e+01 -8.298829441078519054e+00 -6.402969381688616402e+00 -4.507109322298712861e+00 -2.611249262908801771e+00 -7.153892035189012288e-01 1.180470855871003977e+00 3.076330915260908849e+00 4.972190974650819051e+00 6.868051034040722591e+00 8.763911093430625243e+00 1.065977115282053056e+01 1.255563121221043588e+01
