4.242833389076462680e+01 4.068093775920085164e+01 3.896028238587537373e+01 3.727007159375657608e+01 3.561464019217014965e+01 3.399906883767782517e+01 3.242931534951021888e+01 3.091236051556420961e+01 2.945636260042742549e+01 2.807080848584374877e+01 2.676663981241174639e+01 2.555631919982346645e+01 2.445378542550328760e+01 2.347423094857976977e+01 2.263362856493350250e+01 2.194794960357116409e+01
4.120194205744063254e+01 3.947457779779784914e+01 3.777663671797034795e+01 3.611226934887958606e+01 3.448633700073060737e+01 3.290453780753204427e+01 3.137354782813160625e+01 2.990117263115660506e+01 2.849649930271800713e+01 2.717003030360469751e+01 2.593376847442729982e+01 2.480120711314292947e+01 2.378716308537518032e+01 2.290738106874880131e+01 2.217784510733441294e+01 2.161377445469381442e+01
3.999326872529481136e+01 3.828799928347361003e+01 3.661516026629298892e+01 3.497940479651953893e+01 3.338618404233464787e+01 3.184188336603092040e+01 3.035397031824017233e+01 2.893114616227128977e+01 2.758348507426528684e+01 2.632253418307474035e+01 2.516133321573942538e+01 2.411429656791209553e+01 2.319688847958650513e+01 2.242502391751100532e+01 2.181415794077139836e+01 2.137809631436601876e+01
3.880396962725660615e+01 3.712309910848792072e+01 3.547803041886052711e+01 3.387398004046733746e+01 3.231705635666368437e+01 3.081440354339164855e+01 2.937435150446061272e+01 2.800655839759037846e+01 2.672212242029222651e+01 2.553362618998599487e+01 2.445506149189171197e+01 2.350156856747825884e+01 2.268892117507949990e+01 2.203270953476833327e+01 2.154723094031765385e+01 2.124419354423003270e+01
3.763588149363478408e+01 3.598198281329722903e+01 3.436766394370332023e+01 3.279876962807666274e+01 3.128213515221388263e+01 2.982573379892802024e+01 2.843882100237403421e+01 2.713205502285139303e+01 2.591756172787886570e+01 2.480889615583889807e+01 2.382083914183958839e+01 2.296896063754316231e+01 2.226889432625760534e+01 2.173531418352310851e+01 2.138068841726814995e+01 2.121399345087009891e+01
3.649104128746188280e+01 3.486698565125290372e+01 3.328673923597079209e+01 3.175684266295642999e+01 3.028492742724395015e+01 2.887986026670675344e+01 2.755187026633570113e+01 2.631263019386107871e+01 2.517524948559990605e+01 2.415412163592206340e+01 2.326455939279850682e+01 2.252215757596486156e+01 2.194185877289216791e+01 2.153677035536921380e+01 2.131688332443761169e+01 2.128793739169846688e+01
3.537170640715591929e+01 3.378069405893544541e+01 3.223821791678580695e+01 3.075158246650656935e+01 2.932928025601632882e+01 2.798112333118449158e+01 2.671833774416691654e+01 2.555358305884331926e+01 2.450084424823858598e+01 2.357513217365063696e+01 2.279192996503720536e+01 2.216634864957771711e+01 2.171201694397647231e+01 2.143982447441721106e+01 2.135673649248704464e+01 2.146494910598783079e+01
3.428037537039642757e+01 3.272596668201838099e+01 3.122536439190554347e+01 2.978670162907264540e+01 2.841938656742836145e+01 2.713420715989074949e+01 2.594337275529565545e+01 2.486044464690804645e+01 2.390009524167533073e+01 2.307763253624029787e+01 2.240824448259463963e+01 2.190596823934381376e+01 2.158247424675768045e+01 2.144585440401450782e+01 2.149967148636995518e+01 2.174251143090149085e+01
3.321980822321208393e+01 3.170595371396696294e+01 3.025176143359017189e+01 2.886624958589014867e+01 2.755977842567611802e+01 2.634411006254026333e+01 2.523237225271374484e+01 2.423886982532834011e+01 2.337868126555299142e+01 2.266698902414776740e+01 2.211813218883466092e+01 2.174444476233191281e+01 2.155503910733762751e+01 2.155477372214835086e+01 2.174365553223722358e+01 2.211683901450601653e+01
3.219304556436306086e+01 3.072411281098797176e+01 2.932131920178362705e+01 2.799460908533761483e+01 2.675530306960211746e+01 2.561609012415955533e+01 2.459088511113985831e+01 2.369449122152461484e+01 2.294201221213920405e+01 2.234799008489117611e+01 2.192530783647644199e+01 2.168398747950955752e+01 2.163010006209427516e+01 2.176503780787677655e+01 2.208533991718967116e+01 2.258312055794611695e+01
3.120342462778376458e+01 2.978421925454607688e+01 2.843827440442503374e+01 2.717647718151289027e+01 2.601107647312229432e+01 2.495558079831749865e+01 2.402448028718833584e+01 2.323273594639813666e+01 2.259500193489770226e+01 2.212460014821538223e+01 2.183234933295557312e+01 2.172544014448062555e+01 2.180659872479031236e+01 2.207375076451787521e+01 2.252027806403579291e+01 2.313579697668401636e+01
3.025459032551702876e+01 2.889036736792892768e+01 2.760717558788525494e+01 2.641682584309049275e+01 2.533240923610371453e+01 2.436807243472697593e+01 2.353857848427090005e+01 2.285861164492877506e+01 2.234182852867186497e+01 2.199973190911404686e+01 2.184053187398640716e+01 2.186822323376441446e+01 2.208210290398769260e+01 2.247685645992920911e+01 2.304319010848177740e+01 2.376884243770432192e+01
2.935049853918011564e+01 2.804695951748371385e+01 2.683284998373706642e+01 2.572083716991958013e+01 2.472470055613833750e+01 2.385895841937172790e+01 2.313825193313707729e+01 2.257647524709616960e+01 2.218570470013476381e+01 2.197506491225518133e+01 2.194974234818000625e+01 2.211037373728802180e+01 2.245296841958846557e+01 2.296938574052273907e+01 2.364824091005993623e+01 2.447602176377825955e+01
2.849540830910167344e+01 2.725867845599469064e+01 2.612034712689724358e+01 2.509380886372813180e+01 2.419329822381484618e+01 2.343334890708064577e+01 2.282800318584440546e+01 2.238980447217614511e+01 2.212868467733785849e+01 2.205093542671662021e+01 2.215848702494862366e+01 2.244867630115010115e+01 2.291456555360000635e+01 2.354572759003331228e+01 2.432930305979379426e+01 2.525110717184374565e+01
2.769385900117363519e+01 2.653043847413206180e+01 2.547485488241177976e+01 2.454102734865806923e+01 2.374332625755368653e+01 2.309586081130349910e+01 2.261154036891300123e+01 2.230099673764092927e+01 2.217153308923341370e+01 2.222631390849781852e+01 2.246399133699544137e+01 2.287886601244783336e+01 2.346153958375039039e+01 2.419989453823391301e+01 2.508018496903105543e+01 2.608804682028516808e+01
2.695062818417802220e+01 2.586731106169646210e+01 2.490158488933442982e+01 2.406760903862919321e+01 2.337948686496975270e+01 2.285039898338083475e+01 2.249157148194634459e+01 2.231122067823103094e+01 2.231367461838942390e+01 2.249887348725265213e+01 2.286237668775614651e+01 2.339587471815753617e+01 2.408807518752797705e+01 2.492575986905294982e+01 2.589481357833631492e+01 2.698108526099910875e+01
