2.382083914183958839e+01
2.358017313799633641e+01
2.334931967977894018e+01
2.312857259523982734e+01
2.291822391836213058e+01
2.271856248412811752e+01
2.252987242778840837e+01
2.235243159868177187e+01
2.218650990194748474e+01
2.203236758450666954e+01
2.189025348465766996e+01
2.176040326741335207e+01
2.164303767017189983e+01
2.153836078532083320e+01
2.144655840779477529e+01
2.136779647631919232e+01
2.130221963697644227e+01
2.124994995675780629e+01
2.121108581288513406e+01
2.118570098091121423e+01
2.117384394099779144e+01
2.117553741743085283e+01
2.119077816151261118e+01
2.121953698264891841e+01
2.126175902694108188e+01
2.131736429710662151e+01
2.138624840231547353e+01
2.146828352173657706e+01
2.156331956142030393e+01
2.167118548073307593e+01
2.179169076200561861e+01
