-1.247334338603277892e+01
-1.197130593097412721e+01
-1.146926847591547372e+01
-1.096723102085682378e+01
-1.046519356579817028e+01
-9.963156110739520344e+00
-9.461118655680870404e+00
-8.959081200622218688e+00
-8.457043745563566972e+00
-7.955006290504916144e+00
-7.452968835446263540e+00
-6.950931380387614489e+00
-6.448893925328960997e+00
-5.946856470270309281e+00
-5.444819015211657565e+00
-4.942781560153007625e+00
-4.440744105094355909e+00
-3.938706650035703305e+00
-3.436669194977052921e+00
-2.934631739918401205e+00
-2.432594284859749934e+00
-1.930556829801097996e+00
-1.428519374742446724e+00
-9.264819196837947857e-01
-4.244444646251442355e-01
7.759299043350595393e-02
5.796304454921574756e-01
1.081667900550811190e+00
1.583705355609461130e+00
2.085742810668111957e+00
2.587780265726765450e+00
