-3.554284294335052152e+01 -3.333827727291391341e+01 -3.113371160247729108e+01 -2.892914593204067586e+01 -2.672458026160406064e+01 -2.452001459116744542e+01 -2.231544892073083020e+01 -2.011088325029420787e+01 -1.790631757985759975e+01 -1.570175190942098453e+01 -1.349718623898436931e+01 -1.129262056854775231e+01 -9.088054898111135316e+00 -6.883489227674524535e+00 -4.678923557237904873e+00 -2.474357886801289652e+00
-3.412923618868746445e+01 -3.192467051825084923e+01 -2.972010484781422690e+01 -2.751553917737761523e+01 -2.531097350694100001e+01 -2.310640783650438124e+01 -2.090184216606776602e+01 -1.869727649563115079e+01 -1.649271082519453557e+01 -1.428814515475792568e+01 -1.208357948432130691e+01 -9.879013813884691686e+00 -7.674448143448072912e+00 -5.469882473011461244e+00 -3.265316802574843802e+00 -1.060751132138229913e+00
-3.271562943402440027e+01 -3.051106376358778505e+01 -2.830649809315116983e+01 -2.610193242271455105e+01 -2.389736675227793938e+01 -2.169280108184132061e+01 -1.948823541140470539e+01 -1.728366974096808661e+01 -1.507910407053147495e+01 -1.287453840009486328e+01 -1.066997272965824628e+01 -8.465407059221629282e+00 -6.260841388785011397e+00 -4.056275718348398840e+00 -1.851710047911782953e+00 3.528556225248318801e-01
-3.130202267936133609e+01 -2.909745700892472087e+01 -2.689289133848810920e+01 -2.468832566805148687e+01 -2.248375999761487165e+01 -2.027919432717825643e+01 -1.807462865674164121e+01 -1.587006298630502599e+01 -1.366549731586841254e+01 -1.146093164543179910e+01 -9.256365974995183876e+00 -7.051800304558564214e+00 -4.847234634121950769e+00 -2.642668963685337769e+00 -4.381032932487156639e-01 1.766462377187896005e+00
-2.988841592469827191e+01 -2.768385025426166024e+01 -2.547928458382504502e+01 -2.327471891338842269e+01 -2.107015324295181102e+01 -1.886558757251519580e+01 -1.666102190207858058e+01 -1.445645623164196181e+01 -1.225189056120534836e+01 -1.004732489076873669e+01 -7.842759220332119696e+00 -5.638193549895502699e+00 -3.433627879458885257e+00 -1.229062209022273144e+00 9.755034614143474059e-01 3.180069131850959518e+00
-2.847480917003520773e+01 -2.627024349959859606e+01 -2.406567782916198084e+01 -2.186111215872536206e+01 -1.965654648828874684e+01 -1.745198081785213162e+01 -1.524741514741551462e+01 -1.304284947697889585e+01 -1.083828380654228418e+01 -8.633718136105674290e+00 -6.429152465669055516e+00 -4.224586795232436742e+00 -2.020021124795820633e+00 1.845445456407900642e-01 2.389110216077408921e+00 4.593675886514023254e+00
-2.706120241537214710e+01 -2.485663674493553188e+01 -2.265207107449891666e+01 -2.044750540406229433e+01 -1.824293973362568266e+01 -1.603837406318906744e+01 -1.383380839275245400e+01 -1.162924272231583522e+01 -9.424677051879223555e+00 -7.220111381442610998e+00 -5.015545711005994889e+00 -2.810980040569375671e+00 -6.064143701327611158e-01 1.598151300303853661e+00 3.802716970740469105e+00 6.007282641177086546e+00
-2.564759566070908647e+01 -2.344302999027246770e+01 -2.123846431983585958e+01 -1.903389864939924081e+01 -1.682933297896262559e+01 -1.462476730852601037e+01 -1.242020163808939159e+01 -1.021563596765277460e+01 -8.011070297216161151e+00 -5.806504626779551259e+00 -3.601938956342932485e+00 -1.397373285906317930e+00 8.071923845303007328e-01 3.011758054966911846e+00 5.216323725403531064e+00 7.420889395840143621e+00
-2.423398890604602585e+01 -2.202942323560940707e+01 -1.982485756517279540e+01 -1.762029189473617663e+01 -1.541572622429956319e+01 -1.321116055386294441e+01 -1.100659488342632919e+01 -8.802029212989710416e+00 -6.597463542553100524e+00 -4.392897872116487967e+00 -2.188332201679870082e+00 1.623346875674824136e-02 2.220799139193363025e+00 4.425364809629977358e+00 6.629930480066595244e+00 8.834496150503209577e+00
-2.282038215138295811e+01 -2.061581648094634645e+01 -1.841125081050973478e+01 -1.620668514007311245e+01 -1.400211946963649723e+01 -1.179755379919988378e+01 -9.592988128763266786e+00 -7.388422458326649789e+00 -5.183856787890035456e+00 -2.979291117453425120e+00 -7.747254470168060125e-01 1.429840223419809986e+00 3.634405893856428538e+00 5.838971564293039762e+00 8.043537234729656760e+00 1.024810290516627198e+01
-2.140677539671989749e+01 -1.920220972628328582e+01 -1.699764405584666704e+01 -1.479307838541005182e+01 -1.258851271497343838e+01 -1.038394704453681960e+01 -8.179381374100204383e+00 -5.974815703663586497e+00 -3.770250033226974828e+00 -1.565684362790362938e+00 6.388813076462552809e-01 2.843446978082870835e+00 5.048012648519486945e+00 7.252578318956102166e+00 9.457143989392720940e+00 1.166170965982933083e+01
-1.999316864205683686e+01 -1.778860297162022519e+01 -1.558403730118361175e+01 -1.337947163074699475e+01 -1.117490596031037597e+01 -8.970340289873760753e+00 -6.765774619437144644e+00 -4.561208949000525870e+00 -2.356643278563913757e+00 -1.520776081273011449e-01 2.052488062309316241e+00 4.257053732745931462e+00 6.461619403182551125e+00 8.666185073619162793e+00 1.087075074405577801e+01 1.307531641449239324e+01
-1.857956188739377623e+01 -1.637499621695715746e+01 -1.417043054652054757e+01 -1.196586487608392879e+01 -9.761299205647311794e+00 -7.556733535210696573e+00 -5.352167864774078687e+00 -3.147602194337462578e+00 -9.430365239008506872e-01 1.261529146535761425e+00 3.466094816972380865e+00 5.670660487408998307e+00 7.875226157845613528e+00 1.007979182828222342e+01 1.228435749871884575e+01 1.448892316915545564e+01
-1.716595513273071205e+01 -1.496138946229409683e+01 -1.275682379185748339e+01 -1.055225812142086461e+01 -8.347692450984251167e+00 -6.143126780547634169e+00 -3.938561110111017616e+00 -1.733995439674397510e+00 4.705702307622137148e-01 2.675135901198823607e+00 4.879701571635441937e+00 7.084267242072059823e+00 9.288832912508677708e+00 1.149339858294528938e+01 1.369796425338190460e+01 1.590252992381852337e+01
-1.575234837806765320e+01 -1.354778270763103798e+01 -1.134321703719442276e+01 -9.138651366757805761e+00 -6.934085696321189651e+00 -4.729520025884575318e+00 -2.524954355447955656e+00 -3.203886850113398244e-01 1.884176985425271900e+00 4.088742655861883790e+00 6.293308326298502564e+00 8.497873996735119562e+00 1.070243966717173478e+01 1.290700533760834823e+01 1.511157100804496700e+01 1.731613667848158045e+01
-1.433874162340458902e+01 -1.213417595296797380e+01 -9.929610282531360355e+00 -7.725044612094741581e+00 -5.520478941658125471e+00 -3.315913271221509806e+00 -1.111347600784894585e+00 1.093218069651725077e+00 3.297783740088335858e+00 5.502349410524947970e+00 7.706915080961562303e+00 9.911480751398183742e+00 1.211604642183480074e+01 1.432061209227141241e+01 1.652517776270802941e+01 1.872974343314464463e+01
