4.098935208654391005e+01 3.898505753548747776e+01 3.702312945913230635e+01 3.511067068829454740e+01 3.325621678345051890e+01 3.147002368358879565e+01 2.976438314286419384e+01 2.815393923479607352e+01 2.665595172432896831e+01 2.529041137575105225e+01 2.407986150523862534e+01 2.304873597401867968e+01 2.222202527269660521e+01 2.162318805755767315e+01 2.127147840786899380e+01 2.117921157343123184e+01
3.978022609779459628e+01 3.780240436826603911e+01 3.587125368570122674e+01 3.399472875723183307e+01 3.218238653212945621e+01 3.044569099003676271e+01 2.879833110008318542e+01 2.725650978704032568e+01 2.583912643112815744e+01 2.456772803920664572e+01 2.346605515686029264e+01 2.255898724617291506e+01 2.187075087538081419e+01 2.142244756008852136e+01 2.122928289905971511e+01 2.129819998693949401e+01
3.859055316757086018e+01 3.664196832143422000e+01 3.474487830588356729e+01 3.290819004205673792e+01 3.114259225770038597e+01 2.946086914105611854e+01 2.787820377813603656e+01 2.641240917780729092e+01 2.508398191253440146e+01 2.391582354702806867e+01 2.293243904622022100e+01 2.215844269384523102e+01 2.161633831054729882e+01 2.132381904414500084e+01 2.129117452445122893e+01 2.151958744877873997e+01
3.742218861366917082e+01 3.550592782038712159e+01 3.364656442295175509e+01 3.185406350657541452e+01 3.014035672691734646e+01 2.851965151790108166e+01 2.700869525006711314e+01 2.562690759438743271e+01 2.439624651300566782e+01 2.334062921875080931e+01 2.248472321517125394e+01 2.185200817156887609e+01 2.146223244514789030e+01 2.132871911907976070e+01 2.145625256943608150e+01 2.184026022551153901e+01
3.627719130480483045e+01 3.439670012914826458e+01 3.257915020247590121e+01 3.083567338956971327e+01 2.917955030826800567e+01 2.762649518721227793e+01 2.619484670306694341e+01 2.490555015648291359e+01 2.378176908324501326e+01 2.284793929859507955e+01 2.212812231048031819e+01 2.164368132076107543e+01 2.141059930439926262e+01 2.143707679148946710e+01 2.172216465932168816e+01 2.225592709686448245e+01
3.515784434182850759e+01 3.331696340654439581e+01 3.154577245580761868e+01 2.985667674685102568e+01 2.826439828176277658e+01 2.678620823158941633e+01 2.544200011700764108e+01 2.425406081078711296e+01 2.324635969360999610e+01 2.244318804287453872e+01 2.186709439735311378e+01 2.153630939992902071e+01 2.146217847954827462e+01 2.164733851858682456e+01 2.208526889400252102e+01 2.276138433035855257e+01
3.406667623989073945e+01 3.226967807341666372e+01 3.054988532256959388e+01 2.892107433713609410e+01 2.739947564713503070e+01 2.600391639721858894e+01 2.475572151202456084e+01 2.367820737513911311e+01 2.279559033565620396e+01 2.213120083352523082e+01 2.170508786548413482e+01 2.153140277582351203e+01 2.161623114867362361e+01 2.195657691860983718e+01 2.254086884360420129e+01 2.335080178062622380e+01
3.300648182968446775e+01 3.125810609684048558e+01 2.959527374567052860e+01 2.803321131680793954e+01 2.658968451704977909e+01 2.528500318432762128e+01 2.414168856311576761e+01 2.318362665023063229e+01 2.243456351186466691e+01 2.191593969261387187e+01 2.164432633704457842e+01 2.162903118242860501e+01 2.187059200223557553e+01 2.236068595767639877e+01 2.308348838020797444e+01 2.401799892647930434e+01
3.198034172712208800e+01 3.028582625637256243e+01 2.868605871169231136e+01 2.719776340293306660e+01 2.584020861303150340e+01 2.463501787171754742e+01 2.360553975757581924e+01 2.277561385089186174e+01 2.216766434821620635e+01 2.180027009826275020e+01 2.168566087051617330e+01 2.182781885018879109e+01 2.222181679012931710e+01 2.285463376392810986e+01 2.370715303119055051e+01 2.475668803651017669e+01
3.099163875409269764e+01 2.935674281611455427e+01 2.782669046456298290e+01 2.641970349912167038e+01 2.515643935624033389e+01 2.405954751275858428e+01 2.315268643775428714e+01 2.245888753663122017e+01 2.199831918154026056e+01 2.178577842480247639e+01 2.182851148539565145e+01 2.212503927890989175e+01 2.266540292715652782e+01 2.343273978729758866e+01 2.440565048016211591e+01 2.556067162873991450e+01
3.004406912878670610e+01 2.847508431914226534e+01 2.702192519938213522e+01 2.570424348841135043e+01 2.454386893857339302e+01 2.356405204900022099e+01 2.278809497948236285e+01 2.223734862683996027e+01 2.192878821187181160e+01 2.187266577860204109e+01 2.207090712715551817e+01 2.251679488516102268e+01 2.319605224423106549e+01 2.408894569850609102e+01 2.517275208128517860e+01 2.642399037159060882e+01
2.914164560276080351e+01 2.764538852437218353e+01 2.627678028644042740e+01 2.505674629939078812e+01 2.400794796174793788e+01 2.315366651067936488e+01 2.251605333475000847e+01 2.211385809827524085e+01 2.196001957056946452e+01 2.205973427810788934e+01 2.240961781542598530e+01 2.299825519855759381e+01 2.380794386448142319e+01 2.481705698229365353e+01 2.600238682894932296e+01 2.734102415188606727e+01
2.828868905638722708e+01 2.687246895644641143e+01 2.559646312350957942e+01 2.448260481204951233e+01 2.355390901028079398e+01 2.283298049484513115e+01 2.233994279811755490e+01 2.209006037791985122e+01 2.209158591203717847e+01 2.234446790705673536e+01 2.284035904537953954e+01 2.356392229502568370e+01 2.449499017885004903e+01 2.561094162911050631e+01 2.688876709202648030e+01 2.830655291024643105e+01
2.748980447532274951e+01 2.616135834465259435e+01 2.498626959181715890e+01 2.398708700789664761e+01 2.318656282129017754e+01 2.260581175579990543e+01 2.226204016130330743e+01 2.216627655877495329e+01 2.232171315442667137e+01 2.272319557519820066e+01 2.335804001796178397e+01 2.420789390146312670e+01 2.525105736677341284e+01 2.646468111403310530e+01 2.782647070914015686e+01 2.931578542556217215e+01
2.674983688033346851e+01 2.551722466354699392e+01 2.445145012606017687e+01 2.357515109890664817e+01 2.291007993738006832e+01 2.247499618397752741e+01 2.228337545198793634e+01 2.234148309603699190e+01 2.264739697313025601e+01 2.319131280713504495e+01 2.395702542282779390e+01 2.492410122418544915e+01 2.607014104082794503e+01 2.737267548625225544e+01 2.881048680592681777e+01 3.036436421275910291e+01
2.607380289922972949e+01 2.494525686564477596e+01 2.399704481576655724e+01 2.325123990282269304e+01 2.272777665059021501e+01 2.244221876890533807e+01 2.240366515540470260e+01 2.261337920018539549e+01 2.306458979993041325e+01 2.374353309342408025e+01 2.463138449640599248e+01 2.570650730832272401e+01 2.694649533998257240e+01 2.832970846221947880e+01 2.983623349775892208e+01 3.144835376363965551e+01
