-3.541291281505523614e+01 -3.318236111895956242e+01 -3.095180942286388870e+01 -2.872125772676821853e+01 -2.649070603067254481e+01 -2.426015433457687465e+01 -2.202960263848119737e+01 -1.979905094238552365e+01 -1.756849924628985704e+01 -1.533794755019418332e+01 -1.310739585409851138e+01 -1.087684415800283588e+01 -8.646292461907162163e+00 -6.415740765811491109e+00 -4.185189069715818277e+00 -1.954637373620148555e+00
-3.399930606039217906e+01 -3.176875436429650534e+01 -2.953820266820082452e+01 -2.730765097210516146e+01 -2.507709927600948774e+01 -2.284654757991381047e+01 -2.061599588381813319e+01 -1.838544418772246303e+01 -1.615489249162679286e+01 -1.392434079553112447e+01 -1.169378909943545075e+01 -9.463237403339775256e+00 -7.232685707244101536e+00 -5.002134011148428705e+00 -2.771582315052756318e+00 -5.410306189570859292e-01
-3.258569930572911488e+01 -3.035514760963344116e+01 -2.812459591353776744e+01 -2.589404421744209728e+01 -2.366349252134642356e+01 -2.143294082525074984e+01 -1.920238912915507967e+01 -1.697183743305940240e+01 -1.474128573696373223e+01 -1.251073404086806384e+01 -1.028018234477239012e+01 -8.049630648676714628e+00 -5.819078952581038244e+00 -3.588527256485368522e+00 -1.357975560389694136e+00 8.725761357059745871e-01
-3.117209255106605426e+01 -2.894154085497037698e+01 -2.671098915887470682e+01 -2.448043746277903310e+01 -2.224988576668335938e+01 -2.001933407058768921e+01 -1.778878237449201549e+01 -1.555823067839633822e+01 -1.332767898230066983e+01 -1.109712728620499966e+01 -8.866575590109327720e+00 -6.636023894013650448e+00 -4.405472197917978505e+00 -2.174920501822306118e+00 5.563119427336934986e-02 2.286182890369038656e+00
-2.975848579640298652e+01 -2.752793410030731636e+01 -2.529738240421164264e+01 -2.306683070811596536e+01 -2.083627901202029520e+01 -1.860572731592462503e+01 -1.637517561982895131e+01 -1.414462392373327404e+01 -1.191407222763760565e+01 -9.683520531541939036e+00 -7.452968835446263540e+00 -5.222417139350587156e+00 -2.991865443254912549e+00 -7.613137471592420491e-01 1.469237948936433336e+00 3.699789645032101060e+00
-2.834487904173991879e+01 -2.611432734564425218e+01 -2.388377564954857846e+01 -2.165322395345290474e+01 -1.942267225735723457e+01 -1.719212056126156085e+01 -1.496156886516588536e+01 -1.273101716907021341e+01 -1.050046547297454147e+01 -8.269913776878871303e+00 -6.039362080783198472e+00 -3.808810384687521200e+00 -1.578258688591849479e+00 6.522930075038223530e-01 2.882844703599496405e+00 5.113396399695164796e+00
-2.693127228707686527e+01 -2.470072059098118800e+01 -2.247016889488551783e+01 -2.023961719878984056e+01 -1.800906550269417394e+01 -1.577851380659849667e+01 -1.354796211050282473e+01 -1.131741041440714923e+01 -9.086858718311480843e+00 -6.856307022215810676e+00 -4.625755326120136957e+00 -2.395203630024462349e+00 -1.646519339287885464e-01 2.065899762166883313e+00 4.296451458262555256e+00 6.527003154358229864e+00
-2.551766553241380464e+01 -2.328711383631813092e+01 -2.105656214022245720e+01 -1.882601044412678348e+01 -1.659545874803111332e+01 -1.436490705193543604e+01 -1.213435535583976410e+01 -9.903803659744092158e+00 -7.673251963648419327e+00 -5.442700267552750937e+00 -3.212148571457075441e+00 -9.815968753614028319e-01 1.248954820734272886e+00 3.479506516829943941e+00 5.710058212925614995e+00 7.940609909021287827e+00
-2.410405877775074046e+01 -2.187350708165506674e+01 -1.964295538555939657e+01 -1.741240368946372286e+01 -1.518185199336804558e+01 -1.295130029727237719e+01 -1.072074860117669992e+01 -8.490196905081026202e+00 -6.259645208985356035e+00 -4.029093512889685869e+00 -1.798541816794014370e+00 4.320098793016640681e-01 2.662561575397335289e+00 4.893113271493009009e+00 7.123664967588679175e+00 9.354216663684351118e+00
-2.269045202308767628e+01 -2.045990032699200256e+01 -1.822934863089633239e+01 -1.599879693480065512e+01 -1.376824523870498496e+01 -1.153769354260931301e+01 -9.307141846513637518e+00 -7.076590150417962022e+00 -4.846038454322291855e+00 -2.615486758226623909e+00 -3.849350621309491349e-01 1.845616633964725306e+00 4.076168330060399470e+00 6.306720026156069636e+00 8.537271722251743356e+00 1.076782341834741352e+01
-2.127684526842461210e+01 -1.904629357232894193e+01 -1.681574187623326821e+01 -1.458519018013759450e+01 -1.235463848404192255e+01 -1.012408678794624883e+01 -7.893535091850575114e+00 -5.662983395754900506e+00 -3.432431699659231672e+00 -1.201880003563563504e+00 1.028671692532112214e+00 3.259223388627785045e+00 5.489775084723461873e+00 7.720326780819131152e+00 9.950878476914807536e+00 1.218143017301047593e+01
-1.986323851376155147e+01 -1.763268681766588131e+01 -1.540213512157020936e+01 -1.317158342547453564e+01 -1.094103172937886193e+01 -8.710480033283193535e+00 -6.479928337187514487e+00 -4.249376641091839879e+00 -2.018824944996170156e+00 2.117267510995003710e-01 2.442278447195172397e+00 4.672830143290847893e+00 6.903381839386521612e+00 9.133933535482194443e+00 1.136448523157786639e+01 1.359503692767353655e+01
-1.844963175909848729e+01 -1.621908006300281713e+01 -1.398852836690714874e+01 -1.175797667081146969e+01 -9.527424974715799522e+00 -7.296873278620127579e+00 -5.066321582524451195e+00 -2.835769886428776143e+00 -6.052181903331044222e-01 1.625333505762563968e+00 3.855885201858237465e+00 6.086436897953911185e+00 8.316988594049584904e+00 1.054754029014525507e+01 1.277809198624093057e+01 1.500864368233659718e+01
-1.703602500443542311e+01 -1.480547330833975472e+01 -1.257492161224408100e+01 -1.034436991614840728e+01 -8.113818220052737118e+00 -5.883266523957062510e+00 -3.652714827861387903e+00 -1.422163131765713073e+00 8.083885643299569823e-01 3.038940260425626150e+00 5.269491956521298093e+00 7.500043652616976253e+00 9.730595348712650861e+00 1.196114704480831925e+01 1.419169874090399119e+01 1.642225043699966847e+01
-1.562241824977236604e+01 -1.339186655367669410e+01 -1.116131485758102038e+01 -8.930763161485348434e+00 -6.700211465389677379e+00 -4.469659769294003659e+00 -2.239108073198327720e+00 -8.556377102653108663e-03 2.221995318993017499e+00 4.452547015088684113e+00 6.683098711184359608e+00 8.913650407280034216e+00 1.114420210337570616e+01 1.337475379947137988e+01 1.560530549556705182e+01 1.783585719166272554e+01
-1.420881149510930364e+01 -1.197825979901362992e+01 -9.747708102917957973e+00 -7.517156406822284254e+00 -5.286604710726610534e+00 -3.056053014630939924e+00 -8.255013185352654270e-01 1.405050377560410624e+00 3.635602073656080346e+00 5.866153769751748293e+00 8.096705465847421124e+00 1.032725716194310017e+01 1.255780885803877034e+01 1.478836055413444583e+01 1.701891225023011600e+01 1.924946394632578972e+01
