4.088299397338609964e+01 3.885721272325947950e+01 3.687387034430969379e+01 3.494019457405610041e+01 3.306490025287313017e+01 3.125849660088613291e+01 2.953362727330294746e+01 2.790541558989524518e+01 2.639175719285788801e+01 2.501345688553214330e+01 2.379404867099327703e+01 2.275908671512172887e+01 2.193469519302414383e+01 2.134528583718039485e+01 2.101064375231288039e+01 2.094298506559860584e+01
3.967400028180495042e+01 3.767480966715232427e+01 3.572242737703111004e+01 3.382495973558550872e+01 3.199217925800476436e+01 3.023585149113969450e+01 2.857007956355405653e+01 2.701162205971674624e+01 2.558010077153245732e+01 2.429796151577631846e+01 2.318999485377583625e+01 2.228219778140758578e+01 2.159982323485525413e+01 2.116468612429280327e+01 2.099216670232694426e+01 2.108871110647466196e+01
3.848452158938517442e+01 3.651471741314906438e+01 3.459662299583617084e+01 3.273932813644044160e+01 3.095377909223094193e+01 2.925311645810334937e+01 2.765300623960611048e+01 2.617189780699219881e+01 2.483109471423288994e+01 2.365446773339822784e+01 2.266759740133839074e+01 2.189615603944125866e+01 2.136349399825714457e+01 2.108771328236398546e+01 2.107889883984510959e+01 2.133738152345008388e+01
3.731642409231503166e+01 3.537913076290269743e+01 3.349904221310273300e+01 3.168634270482348469e+01 2.995326940377985991e+01 2.831444739172781055e+01 2.678718095242647124e+01 2.539160776344757053e+01 2.415056884222634181e+01 2.308899640844245482e+01 2.223261307293038058e+01 2.160583166896877927e+01 2.122899878281133113e+01 2.111550060237759041e+01 2.126955315029027815e+01 2.168545516913698989e+01
3.617177924268619904e+01 3.427048585569606587e+01 3.243255058031848392e+01 3.066936619266821040e+01 2.899457289443416030e+01 2.742436947601429154e+01 2.597772842530394755e+01 2.467639066549963900e+01 2.354446192992063658e+01 2.260740294722545585e+01 2.189025348465766996e+01 2.141511793996305713e+01 2.119827597466596814e+01 2.124763707731486306e+01 2.156137304524185794e+01 2.212824175072414334e+01
3.505288464015763594e+01 3.319148248425823056e+01 3.140031602651563603e+01 2.969209882751470886e+01 2.808197229819084129e+01 2.658776321327967551e+01 2.523007503694964981e+01 2.403205711566124236e+01 2.301865333172882089e+01 2.221514308659363124e+01 2.164491424480491943e+01 2.132668732193777217e+01 2.127177521379106295e+01 2.148219724609246839e+01 2.195032403974030544e+01 2.266018979476544004e+01
3.396228542193873068e+01 3.214510568796803369e+01 3.040582768904099353e+01 2.875858905399010013e+01 2.722010434316002758e+01 2.580982885809920546e+01 2.454986761821404073e+01 2.346444722585448517e+01 2.257875364836594301e+01 2.191701389715073844e+01 2.149991695746312814e+01 2.134181129481128991e+01 2.144842508587683838e+01 2.181587763857368856e+01 2.243135405573145036e+01 2.327518682119548643e+01
3.290279535292901159e+01 3.113464519388187313e+01 2.945290936082052013e+01 2.787323370978183235e+01 2.641393560640178961e+01 2.509602319399975556e+01 2.394285520241934151e+01 2.297924714802197954e+01 2.222986353739820231e+01 2.171689239850922348e+01 2.145729589582810348e+01 2.146027092162230687e+01 2.172570960989181899e+01 2.224421806296809123e+01 2.299868617047543751e+01 2.396684048970101699e+01
3.187751644125808781e+01 3.016371072128970354e+01 2.854572443726426201e+01 2.704076315443808554e+01 2.566871460467431731e+01 2.445196303149575812e+01 2.341473108721650576e+01 2.258176956828897630e+01 2.197631795682691802e+01 2.161750064645349312e+01 2.151765941302383212e+01 2.168037241806471016e+01 2.209984115129971727e+01 2.276187511596952007e+01 2.364610935931990454e+01 2.472871945787838044e+01
3.088985542794095451e+01 2.923624050860235712e+01 2.768876846214369181e+01 2.626620619692108605e+01 2.498989448084486398e+01 2.388329151318883348e+01 2.297093707273968732e+01 2.227671061111104578e+01 2.182144061372257227e+01 2.162022789937391920e+01 2.168014731359368596e+01 2.199906520316245562e+01 2.256600321817035848e+01 2.336291252878304903e+01 2.436724054069878065e+01 2.555454344073850592e+01
2.994353492368538028e+01 2.835649969842004126e+01 2.688684465910120736e+01 2.555482939591641056e+01 2.438302164092384317e+01 2.339550667082762203e+01 2.261643803925211671e+01 2.206790329726711875e+01 2.176733772070778272e+01 2.172503569876871410e+01 2.194249096920890807e+01 2.241214387135833874e+01 2.311862939368873882e+01 2.404107747856995658e+01 2.515574162639796896e+01 2.643832098249037443e+01
2.904259631237019690e+01 2.752906450801789973e+01 2.614501738315610879e+01 2.491204576906665480e+01 2.385358807370958445e+01 2.299375682084119532e+01 2.235548233962651565e+01 2.195809367168147830e+01 2.181475908432028987e+01 2.193046053495327641e+01 2.230116664658969228e+01 2.291450452177392805e+01 2.375168520996862753e+01 2.479004099036746922e+01 2.600548525696779123e+01 2.737443960617732941e+01
2.819139086443041009e+01 2.675878756029850081e+01 2.546853850692832566e+01 2.434328952332058904e+01 2.340684910681358133e+01 2.268261392691949041e+01 2.219137024074530373e+01 2.194876764015698711e+01 2.196304709818247147e+01 2.223371367783555641e+01 2.275161882448311346e+01 2.350042219869228433e+01 2.445892632669340472e+01 2.560359075887705060e+01 2.691067058988136651e+01 2.835771627973184295e+01
2.739455490876505550e+01 2.605073957065748402e+01 2.486274270595878377e+01 2.385385643251017740e+01 2.304761392635946393e+01 2.246584291429642377e+01 2.212625673621226952e+01 2.204005275899600491e+01 2.221018152193915540e+01 2.263086277655493106e+01 2.328852262254186201e+01 2.416381946269340730e+01 2.523411590023017936e+01 2.647577361782785133e+01 2.786589530616776145e+01 2.938341714167614427e+01
2.665696456647034296e+01 2.541012306404109111e+01 2.433290976264413175e+01 2.344871403851103153e+01 2.278002264613356687e+01 2.234619033778382757e+01 2.216101447637678490e+01 2.223070965550832767e+01 2.255291311800879583e+01 2.311706896613424789e+01 2.390605392399953288e+01 2.489850397122188497e+01 2.607119358503446094e+01 2.740099120556305934e+01 2.886619220302461386e+01 3.044725496185468927e+01
2.598366568860572912e+01 2.484215525174227679e+01 2.388409557931213456e+01 2.313229160475418311e+01 2.260732972486261616e+01 2.232521777823329145e+01 2.229517637423045073e+01 2.251821439249026113e+01 2.298696627330102871e+01 2.368684881171860113e+01 2.459814106724658345e+01 2.569836240803532235e+01 2.696439626805864265e+01 2.837405594733821346e+01 2.990703905203715607e+01 3.154537157766704070e+01
