3.935800290044194583e+01 3.706765285501011675e+01 3.484194250167203677e+01 3.269407591050767081e+01 3.064042779133788841e+01 2.870123000974494332e+01 2.690124469518672257e+01 2.527023746367014212e+01 2.384291110649414946e+01 2.265779097432099931e+01 2.175449716453588422e+01 2.116913732700307094e+01 2.092840597606914343e+01 2.104413342171057621e+01 2.151056715859166957e+01 2.230571722092221520e+01
3.816844356295103324e+01 3.591272613578859563e+01 3.372846403606401822e+01 3.163046391063389251e+01 2.963705082179563632e+01 2.777075600100617336e+01 2.605890576296480177e+01 2.453385056408140841e+01 2.323240518500424301e+01 2.219394176575408650e+01 2.145667785947051698e+01 2.105228186374194621e+01 2.099999266232542539e+01 2.130240327303334524e+01 2.194485479191191146e+01 2.289874432608029053e+01
3.700044293242472548e+01 3.478306930532762209e+01 3.264479463321477226e+01 3.060220410742087438e+01 2.867575193541860301e+01 2.689041046791620815e+01 2.527609887712715420e+01 2.386754589398618265e+01 2.270308113007356710e+01 2.182181504453295418e+01 2.125899583985199470e+01 2.104019414458482373e+01 2.117607632227310788e+01 2.165996815356816896e+01 2.246939709165281229e+01 2.357084988185834717e+01
3.585610787360393203e+01 3.368122509002245124e+01 3.159400178084333177e+01 2.961297936265517805e+01 2.776090269029608848e+01 2.606527312093764692e+01 2.455851747968504739e+01 2.327734245941437408e+01 2.226073081432080869e+01 2.154616378950985833e+01 2.116425724997352020e+01 2.113305394597914955e+01 2.145408414419524945e+01 2.211201160208388927e+01 2.307804066547054944e+01 2.431547733575200709e+01
3.473777724555621660e+01 3.261001285342815947e+01 3.057947484639908708e+01 2.866683098468151414e+01 2.689724314440003994e+01 2.530074607744979076e+01 2.391203438907162848e+01 2.276915893076936825e+01 2.191062257096000465e+01 2.137072150680520011e+01 2.117384394099779499e+01 2.132949061735810758e+01 2.183012244574327099e+01 2.265287829919759588e+01 2.376432447435248108e+01 2.512617984191581044e+01
3.364804400779789972e+01 3.157255064937266198e+01 2.960494243712757978e+01 2.776816256337479416e+01 2.608985743211946939e+01 2.460248041870100977e+01 2.334255765589433551e+01 2.234859114859083817e+01 2.165723038564560099e+01 2.129796475884320373e+01 2.128761496746077242e+01 2.162668195490769918e+01 2.229923243065863048e+01 2.327637718495476093e+01 2.452173068847229942e+01 2.599677653674745414e+01
3.258977699540125172e+01 3.057227456673960830e+01 2.867448261085421635e+01 2.692172927317604447e+01 2.534412425707633787e+01 2.397626607501683083e+01 2.285584408163081349e+01 2.202065974737293175e+01 2.150397349275850090e+01 2.132894440629652522e+01 2.150391676505588023e+01 2.202054895391921008e+01 2.285568396411253644e+01 2.397606256132908698e+01 2.534388359474687391e+01 2.692145740158452227e+01
3.156614111892243102e+01 2.961295310048434004e+01 2.779252220949339147e+01 2.613260728363737684e+01 2.466563620420907199e+01 2.342788143469013562e+01 2.245727545628243504e+01 2.178954764474766392e+01 2.145299805267434223e+01 2.146321125962532861e+01 2.181970034039198936e+01 2.250601656347996737e+01 2.349327166251445220e+01 2.474547268701309122e+01 2.622469440890885295e+01 2.789484447742156803e+01
3.058061423745319374e+01 2.869869355823216495e+01 2.696382076043090592e+01 2.540613747293968316e+01 2.406008283088637612e+01 2.296290320508828842e+01 2.215161020389559354e+01 2.165835448242424022e+01 2.150503142032807702e+01 2.169884806007422284e+01 2.223072673398270283e+01 2.307730461621929763e+01 2.420558486838269374e+01 2.557831625680461229e+01 2.715845650046574633e+01 2.891201877566148326e+01
2.963699834009146628e+01 2.783393673265797830e+01 2.619343373264695174e+01 2.474783789783389665e+01 2.353309507417793256e+01 2.258648312963019222e+01 2.194273113816458221e+01 2.162889855449008891e+01 2.165933121776861725e+01 2.203260261892648586e+01 2.273183012359505639e+01 2.372821520077685520e+01 2.498623352373682849e+01 2.646860608405697945e+01 2.813989913992560332e+01 2.996852202594129011e+01
2.873942197664566223e+01 2.702343534039219364e+01 2.548664969906693045e+01 2.416328084949301314e+01 2.309005290556827106e+01 2.230310557286460238e+01 2.183341627983774558e+01 2.170159413372575585e+01 2.191373730524243157e+01 2.246010130572267371e+01 2.331720377501157060e+01 2.445239060602131431e+01 2.582902232093584516e+01 2.741074524713441463e+01 2.916420904453161000e+01 3.106034121874571241e+01
2.789233016374364382e+01 2.627221122451568291e+01 2.484889648515180127e+01 2.365793320803718913e+01 2.273586426912434177e+01 2.211634729547532885e+01 2.182516173058172981e+01 2.187542284574076490e+01 2.226481839215856340e+01 2.297611204345906089e+01 2.398067731473202713e+01 2.524352625040646103e+01 2.672807370310388819e+01 2.839957400110228747e+01 3.022702857132260945e+01 3.218388233729670844e+01
2.710045737336037419e+01 2.558548629839265232e+01 2.428561305890981359e+01 2.323696338618454149e+01 2.247473039697269570e+01 2.202866583940736334e+01 2.191808167139347319e+01 2.214800358690176907e+01 2.270809095584412773e+01 2.357482343675776093e+01 2.471596201914166357e+01 2.609553276388395560e+01 2.767790554164397321e+01 2.943038656483003379e+01 3.132443813990008508e+01 3.333593810660595835e+01
2.636877887195045744e+01 2.496858300135127351e+01 2.380208705628252019e+01 2.290502417846951033e+01 2.230991909980023991e+01 2.204124363789227914e+01 2.211090059703946409e+01 2.251575009990406429e+01 2.323827990950356437e+01 2.425011086542658489e+01 2.551685078649914828e+01 2.700264884001904164e+01 2.867347185006094179e+01 3.049892628826515661e+01 3.245292890911019867e+01 3.451365321238002082e+01
2.570243587718447031e+01 2.442679198208306701e+01 2.340326251386915146e+01 2.266602742635163636e+01 2.224357155524072027e+01 2.215390992615165544e+01 2.240103898797787352e+01 2.297409288106291214e+01 2.384958936578247091e+01 2.499576874927272030e+01 2.637736853933180825e+01 2.795951108289057885e+01 2.971017539784592998e+01 3.160136638800913289e+01 3.360937021500930655e+01 3.571448933068837306e+01
2.510663104269861279e+01 2.396520806183428220e+01 2.309352822376331460e+01 2.252293203467160509e+01 2.227656756093847790e+01 2.236515214340412783e+01 2.278477938756724797e+01 2.351773556966191947e+01 2.453595676045487295e+01 2.580569772781229432e+01 2.729187552238690628e+01 2.896118915171892283e+01 3.078386034719752828e+01 3.273428190615788225e+01 3.479097496750858198e+01 3.693619146189463720e+01
