-3.373945463152639945e+01 -3.117421129872496266e+01 -2.860896796592351876e+01 -2.604372463312207842e+01 -2.347848130032064162e+01 -2.091323796751919772e+01 -1.834799463471775738e+01 -1.578275130191631348e+01 -1.321750796911487669e+01 -1.065226463631343812e+01 -8.087021303511999548e+00 -5.521777970710553873e+00 -2.956534637909113084e+00 -3.912913051076725712e-01 2.173952027693764499e+00 4.739195360495203069e+00
-3.232584787686333527e+01 -2.976060454406189848e+01 -2.719536121126045813e+01 -2.463011787845901424e+01 -2.206487454565757389e+01 -1.949963121285613710e+01 -1.693438788005469320e+01 -1.436914454725325108e+01 -1.180390121445181428e+01 -9.238657881650379267e+00 -6.673414548848935368e+00 -4.108171216047492358e+00 -1.542927883246050236e+00 1.022315449555387445e+00 3.587558782356826015e+00 6.152802115158262808e+00
-3.091224112220027820e+01 -2.834699778939883430e+01 -2.578175445659739751e+01 -2.321651112379595716e+01 -2.065126779099451326e+01 -1.808602445819307647e+01 -1.552078112539163257e+01 -1.295553779259019223e+01 -1.039029445978875366e+01 -7.825051126987317751e+00 -5.259807794185873853e+00 -2.694564461384430398e+00 -1.293211285829908852e-01 2.435922204218451625e+00 5.001165537019887530e+00 7.566408869821326100e+00
-2.949863436753721047e+01 -2.693339103473577367e+01 -2.436814770193433688e+01 -2.180290436913288943e+01 -1.923766103633145264e+01 -1.667241770353001229e+01 -1.410717437072856839e+01 -1.154193103792712627e+01 -8.976687705125689476e+00 -6.411444372324254459e+00 -3.846201039522813669e+00 -1.280957706721366440e+00 1.284285626080074127e+00 3.849528958881512253e+00 6.414772291682953487e+00 8.980015624484392944e+00
-2.808502761287414984e+01 -2.551978428007270949e+01 -2.295454094727127270e+01 -2.038929761446982880e+01 -1.782405428166838846e+01 -1.525881094886694633e+01 -1.269356761606550599e+01 -1.012832428326406209e+01 -7.563080950462627072e+00 -4.997837617661192056e+00 -2.432594284859749489e+00 1.326490479416965740e-01 2.697892380743137419e+00 5.263135713544574656e+00 7.828379046346016779e+00 1.039362237914745357e+01
-2.667142085821108921e+01 -2.410617752540964531e+01 -2.154093419260820852e+01 -1.897569085980676462e+01 -1.641044752700532428e+01 -1.384520419420388393e+01 -1.127996086140244181e+01 -8.714717528600997909e+00 -6.149474195799562892e+00 -3.584230862998126543e+00 -1.018987530196683755e+00 1.546255802604761920e+00 4.111499135406200267e+00 6.676742468207639725e+00 9.241985801009080959e+00 1.180722913381051775e+01
-2.525781410354802148e+01 -2.269257077074658824e+01 -2.012732743794514434e+01 -1.756208410514370399e+01 -1.499684077234226187e+01 -1.243159743954082508e+01 -9.866354106739382956e+00 -7.301110773937939058e+00 -4.735867441136501377e+00 -2.170624108335064584e+00 3.946192244663800364e-01 2.959862557267820993e+00 5.525105890069263559e+00 8.090349222870703016e+00 1.065559255567213981e+01 1.322083588847358193e+01
-2.384420734888496440e+01 -2.127896401608352406e+01 -1.871372068328208726e+01 -1.614847735048064337e+01 -1.358323401767920124e+01 -1.101799068487776445e+01 -8.452747352076318776e+00 -5.887504019274878431e+00 -3.322260686473439861e+00 -7.570173536720027352e-01 1.808225979129436389e+00 4.373469311930882064e+00 6.938712644732323298e+00 9.503955977533763644e+00 1.206919931033519866e+01 1.463444264313663723e+01
-2.243060059422189667e+01 -1.986535726142046343e+01 -1.730011392861901953e+01 -1.473487059581757563e+01 -1.216962726301613706e+01 -9.604383930214700271e+00 -7.039140597413257261e+00 -4.473897264611815139e+00 -1.908653931810378568e+00 6.565894009910567819e-01 3.221832733792501458e+00 5.787076066593946244e+00 8.352319399395387478e+00 1.091756273219682249e+01 1.348280606499826639e+01 1.604804939779970141e+01
-2.101699383955883604e+01 -1.845175050675739925e+01 -1.588650717395595890e+01 -1.332126384115451678e+01 -1.075602050835307466e+01 -8.190777175551636091e+00 -5.625533842750192193e+00 -3.060290509948752291e+00 -4.950471771473139437e-01 2.070196155654121739e+00 4.635439488455565638e+00 7.200682821257009536e+00 9.765926154058448105e+00 1.233116948685988845e+01 1.489641281966132880e+01 1.746165615246276914e+01
-1.960338708489577542e+01 -1.703814375209433507e+01 -1.447290041929289472e+01 -1.190765708649145438e+01 -9.342413753690014033e+00 -6.777170420888575464e+00 -4.211927088087132454e+00 -1.646683755285689665e+00 9.185595775157469056e-01 3.483802910317183699e+00 6.049046243118621824e+00 8.614289575920068387e+00 1.117953290872151229e+01 1.374477624152294730e+01 1.631001957432438942e+01 1.887526290712583332e+01
-1.818978033023271479e+01 -1.562453699743127444e+01 -1.305929366462983587e+01 -1.049405033182839198e+01 -7.928806999026953406e+00 -5.363563666225513948e+00 -2.798320333424071382e+00 -2.330770006226298152e-01 2.332166332178807533e+00 4.897409664980244770e+00 7.462652997781685116e+00 1.002789633058312724e+01 1.259313966338457114e+01 1.515838299618600971e+01 1.772362632898745005e+01 2.028886966178888684e+01
-1.677617357556965061e+01 -1.421093024276820849e+01 -1.164568690996677169e+01 -9.080443577165329572e+00 -6.515200244363888338e+00 -3.949956911562449768e+00 -1.384713578761008979e+00 1.180529754040435808e+00 3.745773086841872601e+00 6.311016419643308062e+00 8.876259752444749296e+00 1.144150308524619675e+01 1.400674641804763532e+01 1.657198975084907389e+01 1.913723308365051423e+01 2.170247641645195102e+01
-1.536256682090658821e+01 -1.279732348810514786e+01 -1.023208015530370751e+01 -7.666836822502265392e+00 -5.101593489700825046e+00 -2.536350156899386921e+00 2.889317590205429942e-02 2.594136508703497324e+00 5.159379841504932784e+00 7.724623174306370466e+00 1.028986650710781348e+01 1.285510983990925560e+01 1.542035317271069772e+01 1.798559650551213807e+01 2.055083983831357486e+01 2.311608317111501520e+01
-1.394896006624352935e+01 -1.138371673344208901e+01 -8.818473400640650439e+00 -6.253230067839206541e+00 -3.687986735037765751e+00 -1.122743402236325405e+00 1.442499930565116495e+00 4.007743263366556619e+00 6.572986596167995188e+00 9.138229928969430205e+00 1.170347326177087233e+01 1.426871659457231445e+01 1.683395992737376190e+01 1.939920326017519869e+01 2.196444659297663549e+01 2.452968992577807583e+01
-1.253535331158046517e+01 -9.970109978779028381e+00 -7.404866645977584483e+00 -4.839623313176143249e+00 -2.274379980374703347e+00 2.908633524267359993e-01 2.856106685228177344e+00 5.421350018029621687e+00 7.986593350831057592e+00 1.055183668363249438e+01 1.311708001643393651e+01 1.568232334923537863e+01 1.824756668203682608e+01 2.081281001483825932e+01 2.337805334763970322e+01 2.594329668044114001e+01
