-3.431117799744450281e+01 -3.186027933782667887e+01 -2.940938067820886204e+01 -2.695848201859103810e+01 -2.450758335897321416e+01 -2.205668469935539022e+01 -1.960578603973757339e+01 -1.715488738011974945e+01 -1.470398872050192907e+01 -1.225309006088411401e+01 -9.802191401266291848e+00 -7.351292741648467910e+00 -4.900394082030644860e+00 -2.449495422412828027e+00 1.403237204993689662e-03 2.452301896822813632e+00
-3.289757124278143152e+01 -3.044667258316361114e+01 -2.799577392354579430e+01 -2.554487526392797392e+01 -2.309397660431015353e+01 -2.064307794469232960e+01 -1.819217928507450921e+01 -1.574128062545668705e+01 -1.329038196583886844e+01 -1.083948330622105338e+01 -8.388584646603231221e+00 -5.937685986985406394e+00 -3.486787327367583345e+00 -1.035888667749765846e+00 1.415009991868056982e+00 3.865908651485876035e+00
-3.148396448811837089e+01 -2.903306582850055051e+01 -2.658216716888273723e+01 -2.413126850926490974e+01 -2.168036984964708935e+01 -1.922947119002927252e+01 -1.677857253041144503e+01 -1.432767387079362642e+01 -1.187677521117580781e+01 -9.425876551557992755e+00 -6.974977891940169705e+00 -4.524079232322347544e+00 -2.073180572704523605e+00 3.777180869132957253e-01 2.828616746531117609e+00 5.279515406148936663e+00
-3.007035773345531382e+01 -2.761945907383749343e+01 -2.516856041421967305e+01 -2.271766175460184911e+01 -2.026676309498402517e+01 -1.781586443536620834e+01 -1.536496577574838440e+01 -1.291406711613056224e+01 -1.046316845651274186e+01 -8.012269796894928575e+00 -5.561371137277105525e+00 -3.110472477659282919e+00 -6.595738180414588703e-01 1.791324841576358295e+00 4.242223501194180457e+00 6.693122160812002619e+00
-2.865675097879224253e+01 -2.620585231917442570e+01 -2.375495365955660887e+01 -2.130405499993878138e+01 -1.885315634032096455e+01 -1.640225768070314416e+01 -1.395135902108532200e+01 -1.150046036146749806e+01 -9.049561701849679451e+00 -6.598663042231867060e+00 -4.147764382614043122e+00 -1.696865722996219850e+00 7.540329366216037554e-01 3.204931596239422920e+00 5.655830255857246414e+00 8.106728915475061470e+00
-2.724314422412918546e+01 -2.479224556451136507e+01 -2.234134690489354469e+01 -1.989044824527572430e+01 -1.743954958565790037e+01 -1.498865092604007998e+01 -1.253775226642225959e+01 -1.008685360680443566e+01 -7.635954947186616160e+00 -5.185056287568800215e+00 -2.734157627950975833e+00 -2.832589683331544483e-01 2.167639691284667602e+00 4.618538350902485767e+00 7.069437010520307041e+00 9.520335670138129203e+00
-2.582953746946612128e+01 -2.337863880984830445e+01 -2.092774015023048051e+01 -1.847684149061266368e+01 -1.602594283099483619e+01 -1.357504417137702113e+01 -1.112414551175919719e+01 -8.673246852141375030e+00 -6.222348192523555532e+00 -3.771449532905739588e+00 -1.320550873287918536e+00 1.130347786329906734e+00 3.581246445947729118e+00 6.032145105565548171e+00 8.483043765183367668e+00 1.093394242480118805e+01
-2.441593071480306065e+01 -2.196503205518524382e+01 -1.951413339556742699e+01 -1.706323473594959950e+01 -1.461233607633177911e+01 -1.216143741671395695e+01 -9.710538757096138340e+00 -7.259640097478313514e+00 -4.808741437860494017e+00 -2.357842778242679849e+00 9.305588137514515801e-02 2.543954540992964031e+00 4.994853200610791966e+00 7.445751860228605246e+00 9.896650519846431848e+00 1.234754917946425046e+01
-2.300232396013999647e+01 -2.055142530052217964e+01 -1.810052664090436281e+01 -1.564962798128653354e+01 -1.319872932166871315e+01 -1.074783066205089455e+01 -8.296932002433070608e+00 -5.846033342815249334e+00 -3.395134683197431169e+00 -9.442360235796152246e-01 1.506662636038207825e+00 3.957561295656029543e+00 6.408459955273854369e+00 8.859358614891672090e+00 1.131025727450949248e+01 1.376115593412731286e+01
-2.158871720547693585e+01 -1.913781854585911901e+01 -1.668691988624129863e+01 -1.423602122662346936e+01 -1.178512256700565075e+01 -9.334223907387832142e+00 -6.883325247770010868e+00 -4.432426588152186042e+00 -1.981527928534366767e+00 4.693707310834456248e-01 2.920269390701270229e+00 5.371168050319091947e+00 7.822066709936917661e+00 1.027296536955473627e+01 1.272386402917255488e+01 1.517476268879037349e+01
-2.017511045081387167e+01 -1.772421179119605483e+01 -1.527331313157823267e+01 -1.282241447196041229e+01 -1.037151581234258835e+01 -7.920617152724767962e+00 -5.469718493106946688e+00 -3.018819833489124083e+00 -5.679211738713059177e-01 1.882977485746508473e+00 4.333876145364332189e+00 6.784774804982153462e+00 9.235673464599976512e+00 1.168657212421779512e+01 1.413747078383561728e+01 1.658836944345343767e+01
-1.876150369615081459e+01 -1.631060503653299065e+01 -1.385970637691517560e+01 -1.140880771729735166e+01 -8.957909057679531273e+00 -6.507010398061709999e+00 -4.056111738443885173e+00 -1.605213078826065454e+00 8.456855807917532664e-01 3.296584240409570210e+00 5.747482900027395480e+00 8.198381559645214978e+00 1.064928021926303892e+01 1.310017887888085575e+01 1.555107753849867791e+01 1.800197619811649474e+01
-1.734789694148774686e+01 -1.489699828186992825e+01 -1.244609962225211142e+01 -9.995200962634287478e+00 -7.544302303016465316e+00 -5.093403643398645819e+00 -2.642504983780823657e+00 -1.916063241630003022e-01 2.259292335454817557e+00 4.710190995072635722e+00 7.161089654690454331e+00 9.611988314308280934e+00 1.206288697392610310e+01 1.451378563354391993e+01 1.696468429316174564e+01 1.941558295277956603e+01
-1.593429018682468801e+01 -1.348339152720686762e+01 -1.103249286758904724e+01 -8.581594207971223298e+00 -6.130695548353402913e+00 -3.679796888735580307e+00 -1.228898229117758589e+00 1.222000430500063128e+00 3.672899090117881293e+00 6.123797749735698126e+00 8.574696409353521176e+00 1.102559506897134156e+01 1.347649372858916550e+01 1.592739238820698588e+01 1.837829104782480982e+01 2.082918970744262666e+01
-1.452068343216162383e+01 -1.206978477254380699e+01 -9.618886112925988385e+00 -7.167987453308163559e+00 -4.717088793690343174e+00 -2.266190134072521900e+00 1.847085255453001784e-01 2.635607185163123756e+00 5.086505844780939256e+00 7.537404504398756089e+00 9.988303164016581803e+00 1.243920182363440041e+01 1.489010048325222790e+01 1.734099914287004296e+01 1.979189780248786690e+01 2.224279646210568728e+01
-1.310707667749856320e+01 -1.065617801788074104e+01 -8.205279358262922429e+00 -5.754380698645101155e+00 -3.303482039027279438e+00 -8.525833794094587192e-01 1.598315280208363331e+00 4.049213939826187492e+00 6.500112599444005212e+00 8.951011259061822045e+00 1.140190991867964065e+01 1.385280857829746815e+01 1.630370723791528675e+01 1.875460589753311069e+01 2.120550455715092752e+01 2.365640321676874791e+01
