4.001582829262915197e+01 3.782596384472960693e+01 3.568441363410403966e+01 3.360041697399446292e+01 3.158536803699126594e+01 2.965332588475548548e+01 2.782158886210953597e+01 2.611127508158942589e+01 2.454777738920646968e+01 2.316084782349444282e+01 2.198392999091666766e+01 2.105227523517139687e+01 2.039951509469585034e+01 2.005290374009371845e+01 2.002834215579592936e+01 2.032699779601572843e+01
3.880906527118271754e+01 3.664745231243659873e+01 3.453932227984698500e+01 3.249508601157077692e+01 3.052758187339864193e+01 2.865262124072003047e+01 2.688956975633286461e+01 2.526186905568646779e+01 2.379730874452057066e+01 2.252772930339069646e+01 2.148771929361254607e+01 2.071188987284252292e+01 2.023065724483148742e+01 2.006522892469397945e+01 2.022335629494586229e+01 2.069762490368652053e+01
3.762240797677786475e+01 3.549215381844690143e+01 3.342120871786204361e+01 3.142130185786275121e+01 2.950688118918002800e+01 2.769567968783709588e+01 2.600926984787509255e+01 2.447346259639869004e+01 2.311829218788649598e+01 2.197719965557690358e+01 2.108497058350123154e+01 2.047416599284481364e+01 2.017036862547239906e+01 2.018744353953086446e+01 2.052458992587865438e+01 2.116651873546144458e+01
3.645781971250855946e+01 3.436240977904105165e+01 3.233287185273093911e+01 3.038240950709692711e+01 2.852724700103700783e+01 2.678719179475226042e+01 2.518611275740935440e+01 2.375213077175312293e+01 2.251719266155112464e+01 2.151559953396118274e+01 2.078111859461841604e+01 2.034270300552089239e+01 2.021962041897645790e+01 2.041757436605967513e+01 2.092745672290574177e+01 2.172731818642226642e+01
3.531748371386182583e+01 3.326082425983509694e+01 3.127742019089497560e+01 2.938211030442503358e+01 2.759305359822327830e+01 2.593225051160953853e+01 2.442587634269753494e+01 2.310415682101505297e+01 2.200039768960530040e+01 2.114875276182854336e+01 2.058054413883507294e+01 2.031956346749491260e+01 2.037761837796549713e+01 2.075203148599836922e+01 2.142622457697963156e+01 2.237311326659504118e+01
3.420382573687443539e+01 3.219028823317672305e+01 3.025829517373620092e+01 2.842447899076297801e+01 2.670906950384327416e+01 2.513632014467042453e+01 2.373460755645696452e+01 2.253586941061099580e+01 2.157396655959743015e+01 2.088165378811195438e+01 2.048628091011008934e+01 2.040511590064460634e+01 2.064186554308900057e+01 2.118587454103836620e+01 2.201437611715804366e+01 2.309677554067247129e+01
3.311953706905503481e+01 3.115400269783670595e+01 2.927929031439372309e+01 2.751397112962267855e+01 2.588044014537422655e+01 2.440517497794911961e+01 2.311849385405020030e+01 2.205342964812110651e+01 2.124334176157143972e+01 2.071816082432633976e+01 2.049979549838982607e+01 2.059800601510701057e+01 2.100835302707930907e+01 2.171314695781861204e+01 2.268496007275945558e+01 2.389123029446121649e+01
3.206759700646446731e+01 3.015549888708685344e+01 2.834456309909560190e+01 2.665541615164833544e+01 2.511264565803304905e+01 2.374480032478107105e+01 2.258368707210913229e+01 2.166257394373074163e+01 2.101304610839852316e+01 2.066073358884408506e+01 2.062087599725398945e+01 2.089526142809629761e+01 2.147184626883025160e+01 2.232723052744109182e+01 2.343089995386738877e+01 2.474966123122124273e+01
3.105129339238488839e+01 2.919865311331733793e+01 2.745863570378423546e+01 2.585399030292732547e+01 2.441142689897525742e+01 2.316125041299785892e+01 2.213608111054440997e+01 2.136832847840551253e+01 2.088639858326224541e+01 2.071025442591639631e+01 2.084764830341561392e+01 2.129251159372828184e+01 2.202622230307835594e+01 2.302117930753388109e+01 2.424524145608895154e+01 2.566564977957718341e+01
3.007423924858920472e+01 2.828769300605893022e+01 2.662637965661339479e+01 2.511516315735623550e+01 2.378267344123783289e+01 2.266046116904778529e+01 2.178105262756400151e+01 2.117472114397095240e+01 2.086528663293595542e+01 2.086596189524099998e+01 2.117671726548166689e+01 2.178428679714066973e+01 2.266481319507029824e+01 2.378800478947773556e+01 2.512133347078585643e+01 2.663325792361994004e+01
2.914038285426702757e+01 2.742719105283467229e+01 2.585297882244049816e+01 2.444461142517605623e+01 2.323226958890512606e+01 2.224802196971028323e+01 2.152318335347456468e+01 2.108452443284611633e+01 2.095002931360031084e+01 2.112550815274197902e+01 2.160340875815320416e+01 2.236435230498664239e+01 2.338071955395511381e+01 2.462089861254588996e+01 2.605294722113520933e+01 2.764706635639081611e+01
2.825400787278850956e+01 2.662204056722200107e+01 2.514386477531763475e+01 2.384809502885989119e+01 2.276589875144471620e+01 2.192891844587780525e+01 2.136599146401390570e+01 2.109906460163811559e+01 2.113935362487010039e+01 2.148513032494674846e+01 2.212207466021240876e+01 2.302603652940523915e+01 2.416707135803643069e+01 2.551339112279613985e+01 2.703434341600603474e+01 2.870217988365607553e+01
2.741971936997881087e+01 2.587740868687187756e+01 2.450461913917088097e+01 2.333129329363623938e+01 2.238881290155772064e+01 2.170726717755297130e+01 2.131170481880336354e+01 2.121812633196841347e+01 2.143048801554376226e+01 2.193990786030754947e+01 2.272641868052757630e+01 2.376252225576882537e+01 2.501722667800351374e+01 2.645945211357825855e+01 2.806029918643596233e+01 2.979421057023133912e+01
2.664241095043104579e+01 2.519866103987333261e+01 2.394083924892025550e+01 2.289960389334886059e+01 2.210558168859946093e+01 2.158607036724925621e+01 2.136110799555484618e+01 2.143996838815545658e+01 2.181935752862305833e+01 2.248406747517190141e+01 2.340980619919168504e+01 2.456708308140734331e+01 2.592490934918107826e+01 2.745354416440925149e+01 2.912610613179368002e+01 3.091924705427473796e+01
2.592720798013860417e+01 2.459125367946757734e+01 2.345796688120948659e+01 2.255791372581563081e+01 2.191984356495704844e+01 2.156702160597202678e+01 2.151348667190344699e+01 2.176144768624775594e+01 2.230085000195856182e+01 2.311129648046254559e+01 2.416553223074662071e+01 2.543325932262897382e+01 2.688429319023212827e+01 2.849064003658143918e+01 3.022754915369717565e+01 3.207381634252041636e+01
2.527938226123292154e+01 2.406059014911907212e+01 2.306108492520811026e+01 2.231035827414843808e+01 2.183408673390060528e+01 2.165039051554387228e+01 2.176667830049034791e+01 2.217823184539179238e+01 2.286911585803637337e+01 2.381503225397896273e+01 2.498703406123370385e+01 2.635497656773530295e+01 2.789004333779218925e+01 2.956621473356715768e+01 3.136087369236243916e+01 3.325484254382575955e+01
