-3.299731963991814609e+01 -3.076676794382247593e+01 -2.853621624772680221e+01 -2.630566455163112849e+01 -2.407511285553545477e+01 -2.184456115943978816e+01 -1.961400946334411088e+01 -1.738345776724844072e+01 -1.515290607115276877e+01 -1.292235437505709861e+01 -1.069180267896142311e+01 -8.461250982865749393e+00 -6.230699286770075673e+00 -4.000147590674403730e+00 -1.769595894578732453e+00 4.609558015169386014e-01
-3.110059425022767243e+01 -2.887004255413199871e+01 -2.663949085803632855e+01 -2.440893916194065127e+01 -2.217838746584497756e+01 -1.994783576974931094e+01 -1.771728407365363367e+01 -1.548673237755795995e+01 -1.325618068146228801e+01 -1.102562898536661962e+01 -8.795077289270945897e+00 -6.564525593175269513e+00 -4.333973897079596682e+00 -2.103422200983924739e+00 1.271294951117475924e-01 2.357681191207418703e+00
-2.920386886053719167e+01 -2.697331716444151795e+01 -2.474276546834584778e+01 -2.251221377225017051e+01 -2.028166207615450034e+01 -1.805111038005883017e+01 -1.582055868396315290e+01 -1.359000698786748096e+01 -1.135945529177181079e+01 -9.128903595676140625e+00 -6.898351899580466018e+00 -4.667800203484789634e+00 -2.437248507389117691e+00 -2.066968112934452206e-01 2.023854884802225751e+00 4.254406580897900803e+00
-2.730714347084670734e+01 -2.507659177475103718e+01 -2.284604007865536346e+01 -2.061548838255968619e+01 -1.838493668646401957e+01 -1.615438499036834941e+01 -1.392383329427267391e+01 -1.169328159817699664e+01 -9.462729902081330025e+00 -7.232178205985657193e+00 -5.001626509889983474e+00 -2.771074813794310199e+00 -5.405231176986340369e-01 1.690028578397035908e+00 3.920580274492708295e+00 6.151131970588379794e+00
-2.541041808115622658e+01 -2.317986638506055286e+01 -2.094931468896488269e+01 -1.871876299286920897e+01 -1.648821129677353525e+01 -1.425765960067786509e+01 -1.202710790458218959e+01 -9.796556208486514095e+00 -7.566004512390848369e+00 -5.335452816295175538e+00 -3.104901120199504039e+00 -8.743494241038268777e-01 1.356202271991844954e+00 3.586753968087517563e+00 5.817305664183192171e+00 8.047857360278861449e+00
-2.351369269146574581e+01 -2.128314099537006854e+01 -1.905258929927440192e+01 -1.682203760317872465e+01 -1.459148590708305271e+01 -1.236093421098738254e+01 -1.013038251489170705e+01 -7.899830818796031551e+00 -5.669279122700363160e+00 -3.438727426604696102e+00 -1.208175730509021495e+00 1.022375965586655555e+00 3.252927661682329941e+00 5.483479357778000995e+00 7.714031053873672050e+00 9.944582749969342217e+00
-2.161696730177527215e+01 -1.938641560567959843e+01 -1.715586390958392116e+01 -1.492531221348824744e+01 -1.269476051739257905e+01 -1.046420882129690533e+01 -8.233657125201229832e+00 -6.003105429105557000e+00 -3.772553733009885946e+00 -1.542002036914216667e+00 6.885496591814560530e-01 2.919101355277132992e+00 5.149653051372805379e+00 7.380204747468476434e+00 9.610756443564152818e+00 1.184130813965981943e+01
-1.972024191208479493e+01 -1.748969021598912121e+01 -1.525913851989344749e+01 -1.302858682379777555e+01 -1.079803512770210006e+01 -8.567483431606429889e+00 -6.336931735510755281e+00 -4.106380039415079786e+00 -1.875828343319410729e+00 3.547233527762608252e-01 2.585275048871932491e+00 4.815826744967608875e+00 7.046378441063279041e+00 9.276930137158954537e+00 1.150748183325462470e+01 1.373803352935029665e+01
-1.782351652239431061e+01 -1.559296482629863689e+01 -1.336241313020296673e+01 -1.113186143410728945e+01 -8.901309738011619288e+00 -6.670758041915948233e+00 -4.440206345820270961e+00 -2.209654649724598130e+00 2.089704637107202626e-02 2.251448742466743980e+00 4.482000438562413258e+00 6.712552134658092307e+00 8.943103830753765138e+00 1.117365552684943530e+01 1.340420722294510902e+01 1.563475891904078097e+01
-1.592679113270383340e+01 -1.369623943660815790e+01 -1.146568774051248774e+01 -9.235136044416812240e+00 -7.004584348321136744e+00 -4.774032652225466578e+00 -2.543480956129791526e+00 -3.129292600341167518e-01 1.917622436061551028e+00 4.148174132157221194e+00 6.378725828252894914e+00 8.609277524348570410e+00 1.083982922044424591e+01 1.307038091653991785e+01 1.530093261263558801e+01 1.753148430873126173e+01
-1.403006574301335085e+01 -1.179951404691767891e+01 -9.568962350822006968e+00 -7.338410654726333249e+00 -5.107858958630661306e+00 -2.877307262534988919e+00 -6.467555664393139780e-01 1.583796129656361629e+00 3.814347825752031795e+00 6.044899521847697521e+00 8.275451217943373905e+00 1.050600291403904762e+01 1.273655461013472312e+01 1.496710630623039151e+01 1.719765800232606878e+01 1.942820969842173895e+01
-1.213334035332287009e+01 -9.902788657227198144e+00 -7.672236961131527089e+00 -5.441685265035850705e+00 -3.211133568940179206e+00 -9.805818728445079291e-01 1.249969823251167789e+00 3.480521519346842840e+00 5.711073215442510786e+00 7.941624911538179177e+00 1.017217660763385467e+01 1.240272830372953017e+01 1.463327999982520389e+01 1.686383169592087583e+01 1.909438339201654955e+01 2.132493508811221616e+01
-1.023661496363238577e+01 -8.006063267536710271e+00 -5.775511571441040104e+00 -3.544959875345365052e+00 -1.314408179249691999e+00 9.161435168459781675e-01 3.146695212941655218e+00 5.377246909037329381e+00 7.607798605132999548e+00 9.838350301228665273e+00 1.206890199732433899e+01 1.429945369342001626e+01 1.653000538951568998e+01 1.876055708561136015e+01 2.099110878170703387e+01 2.322166047780270759e+01
-8.339889573941906775e+00 -6.109337877846233944e+00 -3.878786181750563777e+00 -1.648234485654889392e+00 5.823172104407838834e-01 2.812868906536456937e+00 5.043420602632131100e+00 7.273972298727803931e+00 9.504523994823475874e+00 1.173507569091914426e+01 1.396562738701482154e+01 1.619617908311049348e+01 1.842673077920616720e+01 2.065728247530184092e+01 2.288783417139751108e+01 2.511838586749318125e+01
-6.443164184251430449e+00 -4.212612488155755841e+00 -1.982060792060087007e+00 2.484909040355901544e-01 2.479042600131258656e+00 4.709594296226933707e+00 6.940145992322607427e+00 9.170697688418284699e+00 1.140124938451395487e+01 1.363180108060962148e+01 1.586235277670529698e+01 1.809290447280097425e+01 2.032345616889664441e+01 2.255400786499231813e+01 2.478455956108798830e+01 2.701511125718365847e+01
-4.546438794560952346e+00 -2.315887098465277738e+00 -8.533540236960797387e-02 2.145216293726065260e+00 4.375767989821738979e+00 6.606319685917410034e+00 8.836871382013086418e+00 1.106742307810876191e+01 1.329797477420442853e+01 1.552852647030010047e+01 1.775907816639577064e+01 1.998962986249144791e+01 2.222018155858712163e+01 2.445073325468279180e+01 2.668128495077846551e+01 2.891183664687413568e+01
