3.883197854295819695e+01 3.686219871735097087e+01 3.494361715892890174e+01 3.308514190959018464e+01 3.129748231665388758e+01 2.959347449523996332e+01 2.798840144051076351e+01 2.650024616575406711e+01 2.514977192046787735e+01 2.396027039941654024e+01 2.295677757722916468e+01 2.216457229461462219e+01 2.160690728520945569e+01 2.130221042557997890e+01 2.126136036934964579e+01 2.148586208767585148e+01
3.727423082578211933e+01 3.535046946700953185e+01 3.348549907912187251e+01 3.168970108368619876e+01 2.997551017288119368e+01 2.835772936310732817e+01 2.685378871395220202e+01 2.548385118288728179e+01 2.427061851467978570e+01 2.323864721136539302e+01 2.241298896843292354e+01 2.181707986737691130e+01 2.147005874550702131e+01 2.138404592884971223e+01 2.156216517871982319e+01 2.199800134687815856e+01
3.576429777186933023e+01 3.389337212740573335e+01 3.209005924541561683e+01 3.036640709299298990e+01 2.873675357892881621e+01 2.721798820505280503e+01 2.582967879707994996e+01 2.459392772100179414e+01 2.353477860288922940e+01 2.267699001595617858e+01 2.204408078455874076e+01 2.165577678690236851e+01 2.152531969583121452e+01 2.165736957543439800e+01 2.204721014100820398e+01 2.268155290609995234e+01
3.430849300019634285e+01 3.249825598649823633e+01 3.076582749641277559e+01 2.912509553752055425e+01 2.759242265108273173e+01 2.618678931442110525e+01 2.492969375253910513e+01 2.384464039880885622e+01 2.295603776911946170e+01 2.228739584432383580e+01 2.185890907940145667e+01 2.168481837408623036e+01 2.177122731607678929e+01 2.211508261198859415e+01 2.270469044443206386e+01 2.352157746783793968e+01
3.291399966795947307e+01 3.117344375473240348e+01 2.952238754017202993e+01 2.797668110713557965e+01 2.655472753812813025e+01 2.527742021318032073e+01 2.416770447930016630e+01 2.324959045057537210e+01 2.254649688079719638e+01 2.207897498136457770e+01 2.186214307919649968e+01 2.190344751308359506e+01 2.220144758922644002e+01 2.274605650022748904e+01 2.352014980227648522e+01 2.450198678244527528e+01
3.158893859737430887e+01 2.992827315872555261e+01 2.837036439620599637e+01 2.693304971293346384e+01 2.563662042588277856e+01 2.450344865601261901e+01 2.355710581481763910e+01 2.282084621259247470e+01 2.231547352181192068e+01 2.205686388184399149e+01 2.205369989950237297e+01 2.230609027525980181e+01 2.280555188181995163e+01 2.353636078616094096e+01 2.447780444880422479e+01 2.560666107416343706e+01
3.034240752879150449e+01 2.877308565943965490e+01 2.732132447820297116e+01 2.600681897650433427e+01 2.485135900641432727e+01 2.387804440925445348e+01 2.310990078539017034e+01 2.256788809274004848e+01 2.226852444096626371e+01 2.222161870217821900e+01 2.242875484434422617e+01 2.288303518211698062e+01 2.357017402523633720e+01 2.447056307422163002e+01 2.556167756456146734e+01 2.682025003267796492e+01
2.918447074980415579e+01 2.771913360543478788e+01 2.638755297259155697e+01 2.521093185668309289e+01 2.421187244801449623e+01 2.341311595988755911e+01 2.283569091617267333e+01 2.249664662660665471e+01 2.240680674307398235e+01 2.256914744858856636e+01 2.297832443513689782e+01 2.362151392888058510e+01 2.448027769233432593e+01 2.553287333323288877e+01 2.675643463848727066e+01 2.812866007530361756e+01
2.812607254163683379e+01 2.677837304010024155e+01 2.558167543160004342e+01 2.455806430190095568e+01 2.372994892073070616e+01 2.311834722596505642e+01 2.274073504299491333e+01 2.260883967139221440e+01 2.272693955272800181e+01 2.309119920522965330e+01 2.369026654964981660e+01 2.450692813893505928e+01 2.552030316387346431e+01 2.670800946346814086e+01 2.804790927290321534e+01 2.951928537104056360e+01
2.717884408242912997e+01 2.596311119419092606e+01 2.491610461654196840e+01 2.405986169533439423e+01 2.341531911997752147e+01 2.300028137518676985e+01 2.282727023410274825e+01 2.290177151443434056e+01 2.322140305437142516e+01 2.377628083370897727e+01 2.455045926065001183e+01 2.552399104156492626e+01 2.667505832470754257e+01 2.798176019693586980e+01 2.942336860331786852e+01 3.098105687949023945e+01
2.635477490066837092e+01 2.528549007746160271e+01 2.440232378290091120e+01 2.372606905303251423e+01 2.327476849656325442e+01 2.306163250040144064e+01 2.309325632634218195e+01 2.336864632537206887e+01 2.387937025053467721e+01 2.461078148290962986e+01 2.554392992459356648e+01 2.665763860399449570e+01 2.793031659407787615e+01 2.934128530424795400e+01 3.087158905402740317e+01 3.250437735585506971e+01
2.566573084564585727e+01 2.475681440333609018e+01 2.405006295453156184e+01 2.356367428879134707e+01 2.331144596577340877e+01 2.330098343842407260e+01 2.353260917399224894e+01 2.399931476166823785e+01 2.468777172364898931e+01 2.558008181151870275e+01 2.665578075098514077e+01 2.789365982729410476e+01 2.927315184315868990e+01 3.077521938605897134e+01 3.238281005167877424e+01 3.408099462430296001e+01
2.512282438313232902e+01 2.438677296637215264e+01 2.386647513975750456e+01 2.357621947292564357e+01 2.352452258453008938e+01 2.371294478086147706e+01 2.413586308143790404e+01 2.478127463120614138e+01 2.563237810200637767e+01 2.666948801789760637e+01 2.787184823912767584e+01 2.921906580554479049e+01 3.069207125607786679e+01 3.227364588302933157e+01 3.394861924046108470e+01 3.570384891352814094e+01
2.473567980668027744e+01 2.418264909793511208e+01 2.385545489913630135e+01 2.376342754425805026e+01 2.390928267458665601e+01 2.428873517767012657e+01 2.489110411782293042e+01 2.570072024347228634e+01 2.669873643110777905e+01 2.786491669030988660e+01 2.917910530591488794e+01 3.062225236498849767e+01 3.217701108729689707e+01 3.382799571766888391e+01 3.556180669191082444e+01 3.736691645381853277e+01
2.451167867323339422e+01 2.414865057187826380e+01 2.401723978023121475e+01 2.412123210027168696e+01 2.445762495756375898e+01 2.501704515425684505e+01 2.578498064942105472e+01 2.674347500022245328e+01 2.787287628214282265e+01 2.915332842999865903e+01 3.056585405335027161e+01 3.209301884568763796e+01 3.371925017559296833e+01 3.543090960354255259e+01 3.721621188971539596e+01 3.906506173886831590e+01
2.445530438635779547e+01 2.428549190071766262e+01 2.434838537246047707e+01 2.464220308307447027e+01 2.515885578647672105e+01 2.588500386976200573e+01 2.680362616039229806e+01 2.789571426778946517e+01 2.914177281549372367e+01 3.052295071426019391e+01 3.202176864159877567e+01 3.362249786560499842e+01 3.531128159193260529e+01 3.707608935368607916e+01 3.890657714340706974e+01 4.079390441505773168e+01
