-78.757 -11.425 42 15.0 -14.7518852532 -14.7522181209 -10.8356177062 -2.7290031654 1
-78.757 -11.41 40 15.0 -14.9756933899 -14.9760417202 -10.7666914725 -2.69133137072 1
-78.765 -11.413 41 15.0 -14.7347801501 -14.7351582399 -10.7899355496 -2.73771318538 1
-78.765 -11.415 42 15.0 -14.7051439705 -14.7055200566 -10.7993815459 -2.74274937435 1
-78.798 -11.425 35 15.0 -13.8223466862 -13.8228132819 -10.8855129528 -2.92933787906 1
-79.212 -11.152 49 15.0 -10.1570381759 -10.1574134768 -10.177709527 -4.26568948107 1
-79.2 -11.142 49 15.0 -10.3939191636 -10.3943130793 -10.3375989984 -4.18566713601 1
-78.272 -11.063 27.5 17.5 -32.9474667231 -24.0320638839 -6.24892757412 -0.59244483644 1
-78.078 -11.065 45 17.5 -40.0241670118 -18.7075646815 -4.26632025017 -0.342789222555 1
-76.892 -13.48 45 17.5 -20.5195743222 -18.8602054818 -8.97718527396 -0.729122210831 1
-76.991 -12.863 60 17.5 -32.2523487146 -19.1305438128 -7.47493745487 -0.464418935411 1
-78.943 -11.538 46 17.5 -10.5397107886 -10.540159756 -10.5113964264 -3.97823581143 1
-68.75 -33.25 63 14.0 -82.5166083942 -45.9384551514 -7.30695236081 0.763901713304 2
-63.45 -20.983 47 20.0 -101.344458617 -41.0256517308 -13.1394370226 0.73580032926 2
-63.183 -20.933 50 20.0 -102.99816842 -38.8841280472 -11.2620213525 0.642098068777 2
-66.067 -20.9 70 10.0 -83.8197892421 -73.7148580102 -13.6924745254 3.84713902773 2
-63.2 -20.433 55 20.0 -106.453309883 -40.7257126055 -11.9766251125 0.831822722081 2
-63.567 -20.017 33 20.0 -108.62209876 -44.6081965175 -12.8314525534 1.05983276616 2
-63.217 -19.3 54 20.0 -116.255548245 -40.6849963343 -11.7022060594 0.700667150917 2
-63.017 -17.933 53 20.0 -117.353063015 -37.0251917006 -11.6444482262 0.380259172908 2
-63.533 -17.533 50 20.0 -114.333840399 -37.4320413898 -9.97974684383 0.413568978997 2
-63.267 -17.517 56 20.0 -115.049300885 -37.2350301602 -10.1115369903 0.326784764223 2
-64.067 -17.1 59 20.0 -112.032972079 -37.3937978136 -12.0139015945 0.199122800158 2
-73.75 -15.517 44 20.0 -67.448130186 -33.8731933749 -4.96996733225 3.06263566028 2
-71.35 -14.9 32 15.0 -71.8533066064 -69.2718584351 -14.0563220335 4.25419990392 2
-71.567 -16.55 44 10.0 -88.258274414 -34.1337325284 -7.85276709879 2.5052675182 1
-70.65 -17.267 66 5.0 -90.4519411679 -40.8292905588 -7.57309709334 2.69988751895 1
-76.75 -10.483 17 20.0 -103.621061098 -57.7243841493 -22.0050329238 4.37772483503 2
-76.6 -12.683 35 10.0 -53.9289729466 -16.7440607913 -1.62726899882 0.461720861583 1
-70.767 -17.067 57 15.0 -92.4981115165 -42.4507893778 -7.6519939596 3.0334667742 1
-66.817 -18.167 90 30.0 -82.0026315452 -65.6775826131 -15.4644389227 4.0515232774 2
-68.233 -17.567 73 20.0 -73.0323147808 -65.6357105064 -11.6841471936 3.91274615588 2
-67.733 -16.417 68 10.0 -84.9541824119 -57.1216288513 -14.4443878066 2.94911427738 2
-71.417 -14.9 75 9.0 -71.799782034 -69.3254313356 -14.1005111378 4.26662047978 2
-70.3 -16.933 50 9.0 -73.3306608505 -65.0445506194 -15.1924328577 4.62820869383 2
-66.45 -24.27 120 15.0 -65.304248683 -59.1860757663 -22.8559113519 4.3536321129 2
-66.55 -24.37 100 15.0 -65.099333959 -58.7023893826 -21.1563288258 4.39445650887 2
-68.467 -27.7 81.7 15.0 -70.8388965259 -63.1833398023 -12.6558208784 4.62964330577 2
-68.333 -28.033 78 15.0 -81.8640433019 -62.2941166049 -10.8227510007 3.96107034262 2
-68.37 -27.333 100 15.0 -67.8701969983 -63.0987044424 -12.1662779503 4.63292132367 2
-68.083 -26.92 105 15.0 -65.0506230696 -61.5319288351 -13.3751956298 4.39886853871 2
-68.767 -27.917 77 15.0 -73.26438325 -63.0576057886 -15.0334758272 4.9063628987 2
-66.583 -21.033 75 9.0 -81.5220046122 -75.465489414 -12.4107100541 3.94273414436 2
-66.05 -21.25 70 9.0 -83.3618218661 -72.5017371732 -16.4692340548 3.94827441369 2
-66.683 -21.3 94 9.0 -78.6347121254 -72.8969119494 -12.2327410706 4.01234152629 2
-67.183 -19.383 83 9.0 -74.7585533552 -71.7874052768 -9.32358885876 3.72337555676 2
-66.133 -21.167 94 9.0 -82.8437786856 -73.2101005255 -15.5362571834 4.01497835945 2
-69.5 -15.5 55 7.0 -74.4452317953 -66.5767953247 -12.5113576893 3.92511705682 2
-64.283 -22.767 27 7.0 -91.2967700801 -42.4926692421 -13.9500950723 0.455847199431 2
-66.833 -18.467 109 7.0 -81.2998024584 -67.7621866725 -15.7110762654 3.99845869378 2
-66.583 -18.417 66 7.0 -83.4856923811 -66.6320297975 -15.9659800795 4.0538467182 2
-67.133 -17.383 75 7.0 -87.5395026547 -57.8687115295 -11.9257637959 3.95986877656 2
-69.017 -15.783 99 7.0 -78.2097409167 -69.6367378298 -11.3129154316 3.86535407105 2
-66.833 -18.283 112 7.0 -81.7161176143 -65.8603515503 -16.0864393592 4.03614851937 2
-69.05 -15.767 106 7.0 -77.9463390053 -69.6054386473 -10.5669646846 3.85994539379 2
-67.533 -17.067 62 7.0 -85.4486200208 -66.1494700101 -26.0878483555 3.81361095514 2
-70.5 -35.27 102 18.0 -59.2313145266 -47.3177751336 -9.26467425437 2.55783864524 2
-70.417 -33.417 78 18.0 -83.5597674476 -45.2315390054 -3.39653039137 1.94574933848 2
-70.05 -33.833 101 18.0 -67.2325770655 -49.8504955033 -8.80218358679 3.31694268127 2
-70.667 -33.45 93 18.0 -74.8919314554 -39.091492691 -3.69628132972 0.949842265671 2
-70.633 -33.167 97 18.0 -76.5229789933 -41.1664609204 -1.8577966281 1.32453302122 1
-70.167 -33.467 61 9.0 -79.5029925409 -49.1567073022 -16.0898533895 3.07947134859 2
-70.75 -33.333 79 9.0 -71.3752524786 -37.0543071033 -3.2848891217 0.833543023413 1
-70.717 -28.083 23 4.0 -50.1929328152 -24.6387242854 -4.65311202317 0.643396574797 1
-70.35 -27.1 36 4.0 -58.0538437832 -24.707650126 -4.79289295466 1.05546472676 1
-70.383 -27.267 36 4.0 -58.078822574 -25.0677155335 -5.18054357239 0.904897824624 1
-70.3 -26.533 10 4.0 -52.5624782616 -24.4040670139 -4.99879030694 0.990631138698 1
-71.583 -30.717 72 7.0 -31.9777902172 -31.4427122038 -3.61567716464 -0.0449348490437 1
-70.833 -28.983 36 4.0 -58.0722508454 -26.724197955 -6.63149978044 1.36773720782 1
-72.283 -40.2 110 22.0 -68.1389640026 -27.6181899862 -4.68838119192 0.563377185603 2
-70.333 -35.27 88 22.0 -60.7198014162 -48.3770122583 -11.0986664616 2.80516673351 2
-69.32 -28.7 72 22.0 -89.9653194275 -62.9615485172 -16.0233536158 4.20601021755 2
-69.87 -35.17 85 22.0 -62.3729952492 -48.6902709225 -10.3258374296 2.4819072695 2
-69.97 -35.17 85 22.0 -62.1529016572 -48.990601303 -10.1975986006 2.69290711856 2
-69.67 -29.32 76 22.0 -98.5702447642 -60.5674355843 -13.1482966843 4.24749489271 2
-71.13 -37.58 80 22.0 -56.9023200496 -40.5801993043 -7.74381262366 1.75545747222 2
-69.93 -32.68 70 22.0 -84.6454116532 -52.9219552561 -8.71923510965 3.99057898785 2
-70.05 -34.75 104 22.0 -61.3442461747 -48.1779691826 -6.05057797185 3.25995097688 2
-71.083 -37.52 95 22.0 -56.9229390529 -40.5568621526 -7.99838259423 1.76987498245 2
-71.6 -16.5 41 5.0 -89.7678365707 -35.3594580889 -7.69128900766 2.57141939551 1
-70.517 -16.85 42 5.0 -79.0633440185 -60.0793046615 -9.4528096925 4.30677007211 2
-62.617 -39.65 77 5.0 -81.5764707554 -35.8572727619 -10.1455844429 0.0130295876242 2
-62.7 -39.5 69 5.0 -82.2796287239 -35.8552392423 -9.72217729315 0.0159077690978 2
-62.3 -38.32 55 11.0 -87.2204304504 -36.3107006092 -8.06678572607 0.225684195597 2
-63.25 -38.683 77 11.0 -86.0575644192 -36.3139156479 -8.68857283428 0.0464234899443 2
-78.878 -11.187 59.1 8.5 -15.476273647 -15.4767823905 -10.1479170467 -2.73291738511 1
-78.682 -11.115 35.9 19.5 -21.8698625638 -21.8779406967 -10.3496212415 -1.74996477098 1
-78.677 -11.113 41.1 17.0 -22.0330811704 -22.0415835312 -10.3631804042 -1.72787640268 1
-78.669 -11.109 34.7 17.3 -22.3055314371 -22.314796303 -10.3773674399 -1.69151458407 1
-78.957 -11.583 48.4 20.7 -10.0383237822 -10.0387773739 -10.0697909955 -4.16805309723 1
-78.95 -11.577 45.1 20.0 -10.1545301076 -10.1549774589 -10.2013489584 -4.1183424942 1
-78.943 -11.571 42.3 23.6 -10.2709791356 -10.2714206681 -10.3292934763 -4.06802565415 1
-78.936 -11.566 47.1 21.2 -10.3799534455 -10.380389487 -10.4470144735 -4.0198794809 1
-78.929 -11.56 51.7 19.3 -10.4981803596 -10.4986117505 -10.5643452538 -3.96855037318 1
-78.922 -11.571 52 21.2 -10.47437183 -10.4747922797 -10.6010887044 -3.9634166834 1
-78.907 -11.542 55.4 19.9 -10.8755364588 -10.8759581143 -10.878654745 -3.8070912881 1
-73.607 -37.663 63 30.0 -22.6173123662 -22.123995496 -7.65062294913 0.0921163370911 1
-73.5 -37.431 79 25.0 -23.857687272 -24.1544023255 -6.99508131595 0.202575679741 1
-74.45 -41 38.3 17.5 -16.894309327 -16.8940507844 -11.9095011801 -0.628319639596 1
-73.682 -36.219 34.9 17.5 -14.8311907633 -14.8327291943 -11.2270549866 -1.42898540449 1
-73.566 -36.16 35.7 17.5 -16.8866589655 -16.889992532 -10.4044873144 -0.979687803822 1
-70.8 -21.979 38.5 16.8 -17.9117227904 -17.9117227904 -4.25148477888 -4.01099445424 1
-70.718 -22.19 64.9 16.8 -21.3364108888 -21.3330907263 -5.09001919979 -3.17331035229 1
-70.989 -23.973 48.4 16.8 -18.8555003018 -18.9941215126 -5.56777591988 -3.87488427774 1
-71.053 -23.42 27.5 16.8 -13.3708734354 -13.3230028539 -7.79216439195 -4.86605895844 1
-63.418 -18.88 40 17.0 -117.25540321 -41.8738737808 -12.075321071 0.663984214212 2
-64.348 -22.682 39 17.0 -90.5865847672 -43.0444393113 -14.3800732967 0.558933224186 2
-63.488 -21.123 38 17.0 -99.8730166461 -41.1314327759 -13.9297986425 0.665811804424 2
-63.563 -20.008 21 17.0 -108.727905769 -44.5657647352 -12.7386137522 1.05669645876 2
-63.547 -17.53 36 17.0 -114.267834581 -37.4389853211 -9.93665098999 0.416472562411 2
-64.26 -17.06 42 17.0 -111.5355221 -37.4535785106 -13.4155199818 0.184928955316 2
-63.27 -17.52 43 17.0 -115.06255767 -37.240305951 -10.1376144652 0.328573966647 2
-63.22 -19.3 40 17.0 -116.259148323 -40.7099467937 -11.6930527874 0.702368598337 2
-63.58 -20.27 38 17.0 -106.143279292 -44.3929738405 -14.0028749744 1.09602941499 2
-63.6 -21.99 55 17.0 -99.3563769732 -40.6519849679 -10.7383736799 0.657134640347 2
-63.95 -20.04 32 17.0 -105.684013163 -48.8857285144 -14.2515569025 1.40917176337 2
-62.93 -17.55 54 17.0 -114.619388886 -36.9286051603 -9.4047013329 0.29414310482 2
-62.29 -17.98 37 17.0 -115.192052314 -36.8708744393 -9.3004271821 0.299133485552 2
-63.1 -21.17 49 17.0 -102.348043556 -37.8730095923 -11.5571442139 0.4744939497 2
-62.97 -17.97 38 17.0 -117.518094031 -37.0282868261 -11.7643502386 0.365977249318 2
-63.22 -20.76 43 17.0 -104.172143343 -39.6896534704 -12.1307732259 0.769167817317 2
-62.91 -18.16 43 17.0 -117.915689447 -37.1046678557 -12.1787654491 0.361456125735 2
-63.28 -18.49 39 17.0 -117.687686931 -39.1936773447 -12.0483399496 0.640135395779 2
-63.53 -19.14 36 17.0 -116.619857253 -43.3941423343 -10.6146840508 0.795395561266 2
-62.22 -18.38 45 17.0 -116.537193495 -36.2523972538 -8.95506152396 0.314542325884 2
-63.29 -21.25 42 17.0 -100.770940519 -39.1727195175 -14.3714956334 0.524485219015 2
-63.19 -20.93 47 17.0 -102.992955883 -38.9499407196 -11.2801928355 0.647988677302 2
-64.04 -17.02 43 17.0 -112.260948926 -37.2945253003 -11.6294908291 0.190287373413 2
-62.96 -20.25 38 20.0 -108.230440141 -39.4760199287 -14.07866554 0.632209315188 2
-68.92 -22.37 55 30.0 -85.5202282611 -57.7228772165 -6.1179328598 2.4634013121 1
-70.09 -23.43 24 10.0 -47.5208417076 -30.3582147847 -4.88419554445 1.08247092911 1
-70.18 -22.68 17 10.0 -42.6825091806 -31.0253910311 -1.89449731262 0.914359296353 1
-68.91 -22.82 47 10.0 -86.1581807381 -56.5777433299 -4.79799350356 2.56750906989 1
-73.546 -37.652 63 14.3 -23.7991216792 -23.4994709179 -7.03945852651 0.187274378192 1
-69.917 -19.683 93 16.1 -65.3372714182 -28.4911786769 -0.541032237675 0.983302130057 1
-72.833 -38.583 89 12.4 -45.2079643914 -27.9636155937 -7.66101202063 0.182171047873 1
-75.578 -42.841 72 16.8 -4.36011063728 -4.36018026888 -4.26946218514 -3.4018472995 1
-75.566 -42.839 68 16.8 -4.42640779387 -4.42654817672 -4.27277282257 -3.37388891089 1
-75.554 -42.838 62 16.8 -4.49994035692 -4.50017098562 -4.27530688598 -3.34239936824 1
-75.542 -42.837 60 16.8 -4.58114103251 -4.58147525544 -4.27740752574 -3.30767476943 1
-75.53 -42.835 59 16.8 -4.67115235088 -4.67159896203 -4.27880826973 -3.27000561914 1
-75.206 -42.793 59 16.8 -9.04523947653 -9.03318213101 -6.53162006478 -1.81175158629 1
-75.074 -40.68 31 16.8 NaN NaN NaN NaN NaN
-75.062 -40.679 33 16.8 NaN NaN NaN NaN NaN
-75.05 -40.678 39 16.8 NaN NaN NaN NaN NaN
-75.038 -40.677 27 16.8 NaN NaN NaN NaN NaN
-75.026 -40.675 40 16.8 NaN NaN NaN NaN NaN
-75.015 -40.674 47 16.8 NaN NaN NaN NaN NaN
-73.738 -36.212 52.5 16.8 -13.5417332447 -13.5421516185 -11.5851781625 -1.76512804472 1
-73.748 -36.21 41.9 16.8 -13.3048897783 -13.3051466646 -11.608037967 -1.82870241173 1
-73.76 -36.209 42.4 16.8 -13.0332443591 -13.03339047 -11.6234547991 -1.90197015281 1
-73.77 -36.208 41.8 16.8 -12.8052613765 -12.8053380432 -11.617202565 -1.9635649808 1
-73.781 -36.206 42.9 16.8 -12.546112963 -12.5461369013 -11.5834488816 -2.03358072201 1
-73.792 -36.204 42.7 16.8 -12.2867298324 -12.2867327551 -11.5255184729 -2.1035172542 1
-73.804 -36.203 33.8 16.8 -12.0139443847 -12.0139443847 -11.4407383434 -2.17664666362 1
-73.829 -36.199 37.1 16.8 -11.415701253 -11.415701253 -11.1398965195 -2.33839683306 1
-73.836 -36.198 39.7 16.8 -11.2465655263 -11.2465655263 -11.0323724242 -2.38448892601 1
-74.178 -36.151 19.3 16.8 -5.05285031022 -5.05285538986 -5.06028191499 -4.38240601115 1
-74.154 -36.152 20.2 16.8 -5.25309507199 -5.25310309357 -5.26953224536 -4.28526691725 1
-74.131 -36.156 21.8 16.8 -5.49031921325 -5.49032823245 -5.51805883653 -4.17754962964 1
-74.111 -36.161 20.8 16.8 -5.73609014835 -5.73609886641 -5.77388476104 -4.07426418073 1
-74.071 -36.165 33.2 16.8 -6.28804512314 -6.28805046838 -6.33850550659 -3.86673587735 1
-74.057 -36.167 41.3 16.8 -6.50744879808 -6.50745268008 -6.55800865369 -3.78919974117 1
-74.037 -36.169 59.4 16.8 -6.83306049937 -6.83306239426 -6.87783262212 -3.67815364643 1
-74.017 -36.172 45.3 16.8 -7.18460460241 -7.18460506237 -7.21488974799 -3.56250144241 1
-74.005 -36.175 55 16.8 -7.41341564238 -7.41341568578 -7.42977841679 -3.48929869868 1
-73.994 -36.176 48.8 16.8 -7.61374843651 -7.61374843651 -7.61581396478 -3.42613494596 1
-73.985 -36.178 58.3 16.8 -7.79521563353 -7.79521563353 -7.79086634835 -3.37005783725 1
-73.972 -36.18 49.2 16.8 -8.061014679 -8.061014679 -8.05606017072 -3.28925688258 1
-72.356 -33.472 34 16.8 -14.0859362555 -14.0859362555 -13.0638292023 -2.31565010451 1
-72.337 -33.478 38 16.8 -14.4372122059 -14.4372122059 -13.1799692868 -2.19403341911 1
-72.318 -33.481 46 16.8 -14.7774547449 -14.7774547449 -13.2714388584 -2.08062077646 1
-72.301 -33.484 50 16.8 -15.0926670101 -15.0926670101 -13.3307989244 -1.97974408331 1
-72.281 -33.489 57 16.8 -15.4856690135 -15.4856690135 -13.3668464717 -1.85981158447 1
-72.262 -33.493 53 16.8 -15.8658533106 -15.8658533106 -13.3535280602 -1.7502596974 1
-72.244 -33.497 52 16.8 -16.2392448068 -16.2392448068 -13.2917158429 -1.64882501804 1
-72.225 -33.502 55 16.8 -16.6523212646 -16.6523212646 -13.167341396 -1.54350393211 1
-72.206 -33.506 59 16.8 -17.0709172256 -17.0709172256 -12.9687943977 -1.44437379461 1
-72.187 -33.051 68 16.8 -16.5849467087 -16.5850079553 -12.8333860158 -2.16579893355 1
-72.416 -33.46 34 16.8 -13.0775825652 -13.0775825652 -12.666861588 -2.68645749732 1
-72.395 -33.463 34 16.8 -13.4130621908 -13.4130621908 -12.8101800499 -2.55879312626 1
-72.376 -33.467 37 16.8 -13.7345169299 -13.7345169299 -12.9335571312 -2.44121709364 1
-72.264 -33.502 51 16.8 -15.8978801536 -15.8978801536 -13.3784160022 -1.74034567368 1
-72.265 -33.511 56 16.8 -15.9501487361 -15.9501487361 -13.3999656119 -1.72514986702 1
-72.268 -33.518 55 16.8 -15.9501346633 -15.9501346633 -13.4195937494 -1.72485596011 1
-72.271 -33.526 54 16.8 -15.9590495414 -15.9590495414 -13.4390293847 -1.72226545983 1
-72.273 -33.534 56 16.8 -15.987418071 -15.987418071 -13.4555320341 -1.71444848585 1
-72.276 -33.542 58 16.8 -15.9978241154 -15.9978241154 -13.4706712463 -1.71184413354 1
-72.278 -33.55 56 16.8 -16.0273929659 -16.0273929659 -13.4835638785 -1.70404369826 1
-72.28 -33.558 57 16.8 -16.0573890699 -16.0573890699 -13.4947311059 -1.6962781332 1
-73.285 -35.268 40 16.8 -14.6483657874 -14.6483657874 -11.7045859084 -2.14026604908 1
-73.268 -35.271 50 16.8 -15.020792329 -15.020792329 -11.8560145524 -2.0466923085 1
-73.249 -35.277 57 16.8 -15.4660219099 -15.4660219099 -11.9654393351 -1.93726010903 1
-73.229 -35.281 53 16.8 -15.9000205542 -15.9000205542 -12.0428412047 -1.83117644694 1
-73.21 -35.287 52 16.8 -16.33349539 -16.33349539 -12.0379960726 -1.72800424845 1
-73.191 -35.293 44 16.8 -16.7571256468 -16.7570997161 -11.967620478 -1.62845668617 1
-73.172 -35.299 54 16.8 -17.1638754571 -17.1636338646 -11.8266751418 -1.53173748695 1
-73.153 -35.304 55 16.8 -17.5420247633 -17.541389897 -11.6375777906 -1.44020681211 1
-73.132 -35.31 66 16.8 -17.9529709149 -17.9517688952 -11.3677877367 -1.34105760655 1
-73.115 -35.316 84 16.8 -18.2943021074 -18.2926041754 -11.1024062548 -1.26061985605 1
-73.095 -35.321 73 16.8 -18.6646113447 -18.6624213164 -10.7923017039 -1.17375421528 1
-73.076 -35.326 83 16.8 -19.0208000941 -19.0183182093 -10.4811648401 -1.09352154852 1
-73.673 -35.905 69 16.8 -11.8872786548 -11.8872786548 -11.3890818089 -2.2866072093 1
-73.397 -35.904 69 16.8 -18.0904799509 -18.0905136597 -9.8363254665 -0.889534523006 1
-66.923 -33.481 55.85 17.2 -104.506547288 -38.8925440008 -5.45576390156 0.476263862761 2
-61.957 -26.854 65.6 14.0 -126.197072956 -36.2165575619 -6.25107537481 0.164549938332 2
-66.775 -33.758 60.46 14.0 -102.523772246 -38.7570442294 -7.30662498361 0.444604888066 2
-66.795 -33.759 54.12 14.0 -102.350674968 -38.7644347853 -7.18147416897 0.441595283417 2
-68.194 -30.083 37.45 14.0 -103.462291976 -55.5584949749 -6.89060837132 1.02048358433 2
-62.105 -33.122 55.89 14.0 -122.2506184 -37.5878705577 -6.42354304987 0.106569777676 2
-62.772 -26.544 67.5 14.0 -115.973660936 -36.2770296185 -7.8414887642 0.19252703413 2
-61.775 -29.908 53.47 14.0 -143.303640588 -36.0080469207 -4.49787524862 0.0841422183936 2
-61.832 -26.462 59.97 14.0 -120.723001415 -36.1444242947 -5.81406841592 0.161605976364 2
-66.615 -33.812 65.97 14.0 -103.483498866 -38.6735180101 -9.10758660035 0.479903805873 2
-62.395 -26.043 68.37 14.0 -113.887294244 -36.1625002886 -5.37257156243 0.191816798368 2
-64.783 -26.783 100.76 14.0 -107.529873851 -38.7417264818 -8.46167811186 0.395134723588 2
-66.68 -33.203 57.98 14.0 -109.741662504 -39.263717659 -6.16532742194 0.619881327235 2
-61.549 -27.358 73.31 14.0 -137.322276674 -36.0770772813 -6.04924591036 0.113276142622 2
-63.97 -33.951 49.61 14.0 -117.81560554 -36.9385831845 -6.12607789537 0.184353551838 2
-68.596 -29.51 42.21 14.0 -103.091807643 -62.3253936512 -7.38471857383 1.82023133658 2
-67.585 -34.758 65.34 14.0 -92.4858223943 -38.9167974347 -8.90283037981 0.455566683088 2
-61.996 -31.43 52.77 14.0 -127.418849609 -36.6945533528 -6.98205573217 0.11007288613 2
-61.128 -27.054 58.73 14.0 -133.650130765 -36.0840286796 -5.21124341059 0.10248526512 2
-61.26 -28.429 62.07 14.0 -145.363364369 -35.8553037338 -5.59585153661 0.0671249932162 2
-68.46 -30.281 54.01 14.0 -100.691498108 -56.6364761645 -5.71900397432 0.997929533229 2
-67.15 -31.8 64.03 14.0 -112.520729899 -45.291200906 -4.67929252796 0.464974808972 2
-64.024 -26.338 73.08 14.0 -109.629269196 -37.6245776224 -7.62188150202 0.245063193845 2
-64.136 -26.259 78.38 14.0 -109.760145884 -38.2858527944 -7.65554884024 0.283820233105 2
-62.652 -25.76 73.71 14.0 -111.845032402 -36.2418209999 -5.54703839013 0.213269250262 2
-67.116 -34.024 74.73 14.0 -97.3996456957 -38.789422926 -8.39599277327 0.424351359102 2
-67.16 -33.977 75.4 14.0 -97.1857322974 -38.8259810408 -8.1972242517 0.428495451445 2
-63.149 -28.354 65.05 14.0 -139.817842329 -35.7779471262 -6.45786401431 0.115836629684 2
-68.593 -30.797 39.27 14.0 -95.6196056723 -56.2079787909 -4.7851968271 1.13154238455 2
-68.584 -30.442 44.55 14.0 -98.8365986251 -56.8844292098 -4.80474139391 1.10092304689 2
-63.752 -25.393 69.34 14.0 -107.492516206 -38.2624986626 -7.16078711015 0.306568819544 2
-62.827 -32.85 58.48 14.0 -121.540314835 -37.4257994176 -7.07092577294 0.131596505677 2
-60.072 -26.408 53.87 14.0 NaN NaN NaN NaN NaN
-68.367 -29.972 43.78 14.0 -103.200722372 -57.7609711763 -4.83394097822 1.12870859805 2
-69.347 -35.422 71.82 14.0 -68.1710183804 -45.251104857 -11.8615577895 1.36976110686 2
-66.96 -33.286 71.67 14.0 -106.332224529 -39.355274468 -6.05288436416 0.519343996625 2
-62.863 -24.129 77.09 14.0 -107.50329862 -36.9998680652 -7.55042567243 0.211039526419 2
-62.069 -32.509 51.05 14.0 -124.331635221 -37.33196566 -5.84841914538 0.106676252885 2
-66.978 -31.382 52.81 14.0 -118.791030857 -43.4974632009 -4.4251145639 0.545992720489 2
-68.856 -32.282 47.91 14.0 -93.8770828711 -51.3096470464 -10.4455546244 1.42648694933 2
-62.956 -28.864 60.15 14.0 -143.502586531 -35.7119344724 -5.86565672844 0.0931636165674 2
-66.68 -34.056 70.41 14.0 -102.419611334 -38.6031792887 -8.56013316075 0.480231580743 2
