-78.7567 -11.4250 42.00 4.24 1 1
-78.7567 -11.4100 40.00 4.08 1 1
-78.7650 -11.4133 41.00 4.16 1 1
-78.7650 -11.4150 42.00 4.32 1 1
-78.7983 -11.4250 35.00 3.6 1 1
-79.2117 -11.1517 49.00 7.35 1 1
-79.2000 -11.1417 49.00 7.35 1 1
#-80.0250 -10.3283 18.00 2.7 1 1
#-80.0117 -10.3583 36.00 5.4 1 1
#-79.9783 -10.4233 07.00 1.05 1 1
#-80.1167 -09.4283 41.00 8.0 1 1
#-80.1683 -09.4350 32.00 6.4 1 1
#-80.2633 -09.4050 46.00 8.96 1 1
#-80.5600 -09.0183 37.00 5.55 1 1
#-80.7433 -09.1050 29.00 4.35 1 1
#
-78.2716 -11.0630 27.50 2.5 2 1
-78.0778 -11.0650 45.00 25.0 2 1
#-80.4067 -09.0282 39.00 9.13 2 1
#-79.9058 -08.9932 30.00 20.0 2 1
#-80.5835 -09.1130 35.00 5.0 2 1
-76.8915 -13.4802 45.00 9.13 2 1
-76.9905 -12.8630 60.00 10.0 2 1
-78.9428 -11.5376 46.00 9.13 2 1
#
-68.7500 -33.2500 63.00 14.05 3 2
#-66.6500 -18.4167 159.00 14.05 3 2
#-68.5000 -17.1833 183.00 14.05 3 2
-63.4500 -20.9833 47.00 14.05 3 2
-63.1833 -20.9333 50.00 14.05 3 2
-66.0667 -20.9000 70.00 14.05 3 2
-63.2000 -20.4333 55.00 14.05 3 2
-63.5667 -20.0167 33.00 14.05 3 2
-63.2167 -19.3000 54.00 14.05 3 2
-63.0167 -17.9333 53.00 14.05 3 2
-63.5333 -17.5333 50.00 14.05 3 2
-63.2667 -17.5167 56.00 14.05 3 2
-64.0667 -17.1000 59.00 14.05 3 2
-69.0000 -54.0000 96.00 14.05 3 2
#-73.7150 -37.6750 172.00 14.05 3 2
-73.6067 -37.6633 63.00 14.05 3 2
-73.5000 -37.4310 79.00 14.05 3 2
#-68.6517 -21.1517 150.00 14.05 3 2
-69.9167 -19.7090 93.00 14.05 3 2
#
#-81.1700 -04.2800 37.00 5.55 4 2
#-81.2667 -04.4500 28.00 4.2 4 2
#-81.2833 -04.6167 35.00 5.25 4 2
#-79.1167 -06.5833 39.00 7.8 4 2
-73.7500 -15.5167 44.00 8.8 4 2
-71.3500 -14.9000 32.00 4.8 4 2
-71.5667 -16.5500 44.00 4.4 4 2
-70.6500 -17.2667 66.00 3.3 4 2
#-76.1333 -02.5500 52.00 10.4 4 2
#-75.3833 -03.4000 53.00 10.6 4 2
#-75.0500 -03.8500 50.00 10.0 4 2
#-74.9333 -04.9000 55.00 11.0 4 2
#-76.1333 -05.8167 55.00 11.0 4 2
-76.7500 -10.4833 17.00 3.4 4 2
-76.6000 -12.6833 35.00 3.5 4 2
-70.7667 -17.0667 57.00 8.55 4 2
#
#-68.0170 -22.3330 304.00 15.0 5 3
#-68.2000 -18.3330 344.00 15.0 5 3
-71.4170 -14.9000 75.00 15.0 5 3
-70.3000 -16.9330 50.00 15.0 5 3
#-71.3500 -14.9000 32.00 15.0 5 2
#-67.5000 -25.3330 135.00 15.0 5 3
#-67.7300 -25.1200 205.00 15.0 5 3
#-66.9700 -25.9200 190.00 15.0 5 3
-66.4800 -24.0170 125.00 15.0 5 3
#-66.6700 -24.1700 237.00 15.0 5 3
#-66.3500 -24.2300 213.00 15.0 5 3
-66.4500 -24.2700 121.00 15.0 5 3
-66.5500 -24.3700 100.00 15.0 5 3
#-68.0830 -24.5000 215.00 15.0 5 3
-68.4670 -27.7000 81.70 15.0 5 3
-68.3330 -28.0330 78.00 15.0 5 3
-68.3700 -27.3330 100.00 15.0 5 3
-68.0830 -26.9200 105.00 15.0 5 3
-68.7670 -27.9170 77.00 15.0 5 3
-66.5830 -21.0330 75.00 15.0 5 3
-68.2330 -17.5670 73.00 15.0 5 3
-66.0500 -21.2500 70.00 15.0 5 3
-66.6830 -21.3000 94.00 15.0 5 3
-67.1830 -19.3830 83.00 15.0 5 3
-66.1330 -21.1670 94.00 15.0 5 3
-69.5000 -15.5000 55.00 9.0 5 3
-64.2830 -22.7670 27.00 9.0 5 3
-66.8330 -18.4670 109.00 9.0 5 3
-66.5830 -18.4170 66.00 9.0 5 3
-67.7330 -16.4170 68.00 9.0 5 3
-67.1330 -17.3830 75.00 9.0 5 3
-69.0170 -15.7830 99.00 9.0 5 3
-66.8330 -18.2830 112.00 9.0 5 3
-69.0500 -15.7670 106.00 9.0 5 3
-66.8170 -18.1670 90.00 9.0 5 3
-67.5330 -17.0670 62.00 9.0 5 3
-70.0500 -35.2700 102.00 18.0 5 3
-70.4170 -33.4170 78.00 18.0 5 3
#-70.6330 -35.2670 199.00 18.0 5 3
-70.0500 -33.8330 101.00 18.0 5 3
-70.6670 -33.4500 93.00 18.0 5 3
-71.5670 -36.2670 128.00 18.0 5 3
#-70.5830 -34.2670 178.00 18.0 5 3
#-71.5500 -36.9500 291.00 18.0 5 3
-70.6330 -33.1670 97.00 18.0 5 3
-70.1670 -33.4670 61.00 18.0 5 2
-70.7500 -33.3330 79.00 18.0 5 2
#-70.7500 -33.3330 90.00 18.0 5 3
#-71.7170 -38.4500 153.00 18.0 5 3
#-71.4170 -35.7500 135.00 18.0 5 3
#-71.7330 -38.0500 215.00 18.0 5 3
#-71.7000 -38.5830 246.00 18.0 5 3
#-70.4500 -35.1339 335.00 18.0 5 3
#-71.7330 -38.2330 204.00 18.0 5 3
#-70.4670 -34.9500 212.00 18.0 5 3
-70.7170 -28.0830 23.00 4.0 5 3
-70.3500 -27.1000 36.00 4.0 5 3
-70.3830 -27.2670 36.00 4.0 5 3
-70.3000 -26.5330 10.00 4.0 5 3
-71.5830 -30.7170 72.00 4.0 5 3
-70.8330 -28.9830 36.00 4.0 5 3
-71.1670 -39.9200 60.00 22.0 5 3
#-72.3830 -40.6170 218.00 22.0 5 3
#-71.6170 -38.6170 256.00 22.0 5 3
-72.2830 -40.2000 110.00 22.0 5 3
#-71.7330 -39.3170 168.00 22.0 5 3
#-71.7830 -39.3830 138.00 22.0 5 3
#-72.3500 -40.6500 200.00 22.0 5 3
#-71.5500 -39.3500 132.00 22.0 5 3
#-69.7200 -29.2300 194.00 13.0 5 3
-70.3330 -35.2700 88.00 13.0 5 3
#-69.8300 -29.4200 194.00 13.0 5 3
#-69.7500 -29.5800 178.00 13.0 5 3
#-69.7700 -29.2200 154.00 13.0 5 3
-70.7500 -36.5000 30.00 13.0 5 3
-69.3200 -28.7000 72.00 13.0 5 3
#-69.7200 -29.2700 178.00 13.0 5 3
-69.8700 -35.1700 85.00 13.0 5 3
-69.9700 -35.1700 85.00 13.0 5 3
-69.6700 -29.3200 76.00 13.0 5 3
#-70.2700 -35.9200 132.00 13.0 5 3
-71.1300 -37.5800 80.00 13.0 5 3
-69.9300 -32.6800 70.00 13.00 5 3
#-68.3000 -24.7800 140.00 13.0 5 3
-70.0500 -34.7500 104.00 13.0 5 3
-71.0830 -37.5200 95.00 13.0 5 3
#-70.1700 -31.0830 166.00 13.0 5 3
#-69.8000 -29.6700 170.00 13.0 5 3
#-70.4830 -36.6500 190.00 13.0 5 3
#-70.0000 -33.8000 241.00 13.0 5 3
#-70.5500 -35.9330 244.00 13.0 5 3
-69.5670 -26.2500 75.00 41.0 5 3
#-69.1670 -20.2500 156.00 41.0 5 3
#-69.5330 -18.2000 265.00 24.0 5 3
#-68.9170 -19.1330 171.00 24.0 5 3
-69.2000 -19.6830 112.00 24.0 5 3
#-68.9330 -19.8830 287.00 24.0 5 3
#-68.9670 -19.4170 301.00 24.0 5 3
-69.2830 -18.2170 119.00 24.0 5 3
#-76.2330 -11.6500 196.00 24.0 5 3
-71.6000 -16.5000 41.00 24.0 5 2
#-71.5670 -16.5500 44.00 24.0 5 2
#-76.6000 -12.6830 35.00 24.0 5 2
#-70.7670 -17.0670 57.00 24.0 5 2
-70.5170 -16.8500 42.00 24.0 5 3
#-70.6500 -17.2670 75.00 24.0 5 2
-62.6170 -39.6500 77.00 5.0 5 3
-62.7000 -39.5000 69.00 5.0 5 3
-62.3000 -38.3200 55.00 5.0 5 3
-63.2500 -38.6830 77.00 5.0 5 3
#
#-80.5097 -08.4565 58.10 17.43 6 4
#-60.5055 -08.4627 59.50 17.85 6 4
#-80.5020 -08.4605 58.30 17.49 6 4
#-80.4982 -08.4583 79.70 23.91 6 4
#-80.4943 -08.4553 110.30 33.09 6 4
#-80.4908 -08.4531 56.00 16.8 6 4
#-80.4874 -08.4515 72.20 21.66 6 4
#-80.4833 -08.4481 73.00 21.9 6 4
#-80.4792 -08.4453 82.00 24.6 6 4
#-80.4758 -08.4428 57.70 17.31 6 4
#-80.4720 -08.4418 72.70 21.81 6 4
#-80.4680 -08.4380 51.60 15.48 6 4
#-80.4025 -08.3953 47.00 14.1 6 4
#-80.3935 -08.3897 36.40 10.92 6 4
#-80.3882 -08.3852 36.80 11.04 6 4
#-80.3803 -08.3805 33.60 10.08 6 4
#-80.3737 -08.3748 31.50 9.45 6 4
#-80.3585 -08.3697 29.70 8.91 6 4
#-80.3577 -08.3645 23.90 7.17 6 4
#-80.3500 -08.3595 22.80 6.84 6 4
#-80.2570 -08.2975 218.60 65.58 6 4
#-80.2645 -08.3022 46.00 13.8 6 4
#-80.2723 -08.3075 31.80 9.54 6 4
#-80.2788 -08.3123 17.80 5.34 6 4
#-80.6335 -08.3207 37.10 11.13 6 4
#-80.6420 -08.3240 37.70 11.31 6 4
#-80.6623 -08.3278 37.70 11.31 6 4
#-80.6588 -08.3310 37.90 11.37 6 4
#-80.6673 -08.3343 37.30 11.19 6 4
#-80.6767 -08.3382 33.90 10.17 6 4
#-80.6835 -08.3415 33.30 9.99 6 4
#-80.6922 -08.3448 38.90 11.67 6 4
#-80.7008 -08.3483 30.40 9.12 6 4
#-80.7177 -08.3553 37.20 11.16 6 4
#-80.7350 -08.3620 37.40 11.22 6 4
-78.8781 -11.1865 59.10 17.73 6 4
-78.6820 -11.1145 35.90 10.77 6 4
-78.6773 -11.1128 41.10 12.33 6 4
-78.6688 -11.1088 34.70 10.41 6 4
-78.9574 -11.5827 48.40 14.52 6 4
-78.9502 -11.5771 45.10 13.53 6 4
-78.9432 -11.5712 42.30 12.69 6 4
-78.9362 -11.5659 47.10 14.13 6 4
-78.9289 -11.5599 51.70 15.51 6 4
-78.9218 -11.5707 52.00 15.6 6 4
-78.9065 -11.5418 55.40 16.62 6 4
#
#-74.0000 -14.5000 154.0 10.45 7 2
#-73.6666 -15.0000 132.0 10.45 7 2
-71.6470 -15.1000 110.0 10.45 7 2
#-71.5900 -15.5290 147.0 10.45 7 2
#-71.5000 -16.2350 191.0 10.45 7 2
#-71.0000 -16.2940 235.0 10.45 7 2
#-70.5880 -16.7050 221.0 10.45 7 2
#-70.2350 -17.1200 228.0 10.45 7 2
#-69.8230 -17.5290 169.0 10.45 7 2
#
-74.4498 -41.0001 38.30 11.49 8 4
-73.6817 -36.2192 34.90 10.47 8 4
-73.5664 -36.1599 35.70 10.71 8 4
#
-70.8003 -21.9787 35.50 10.65 9 4
-70.7184 -22.1897 43.00 12.9 9 4
-70.8315 -23.7587 17.00 5.1 9 4
-70.9889 -23.9726 37.80 11.34 9 4
-70.8046 -23.7632 07.00 2.1 9 4
-71.0534 -23.4204 27.50 8.25 9 4
#
-68.2316 -23.2800 17.0 29.7 10 2
-70.1816 -22.6783 17.0 10.0 10 2
-70.0933 -23.4333 24.0 10.0 10 2
-68.9150 -22.3716 55.0 30.0 10 2
-68.9133 -22.8183 47.0 10.0 10 2
-63.4183 -18.8800 40.0 17.0 10 2
-64.3483 -22.6816 39.0 17.0 10 2
-63.4883 -21.1233 38.0 17.0 10 2
-63.5633 -20.0833 21.0 17.0 10 2
-63.5466 -17.5300 36.0 17.0 10 2
-64.2616 -17.0550 42.0 17.0 10 2
-63.2683 -17.5183 43.0 17.0 10 2
-63.2200 -19.3000 40.0 17.0 10 2
-63.5783 -20.2650 38.0 17.0 10 2
-63.5983 -21.9916 55.0 17.0 10 2
-63.9466 -20.0416 32.0 17.0 10 2
-62.9333 -17.5450 54.0 17.0 10 2
-62.2900 -17.9950 37.0 17.0 10 2
-63.1000 -21.1733 49.0 17.0 10 2
-62.9650 -17.9716 38.0 17.0 10 2
-63.2150 -20.7616 43.0 17.0 10 2
-62.9066 -18.1600 43.0 17.0 10 2
-63.2833 -18.4866 39.0 17.0 10 2
-63.5283 -19.1400 36.0 17.0 10 2
-62.2216 -18.3750 45.0 17.0 10 2
-63.2883 -21.2450 42.0 17.0 10 2
-63.1850 -20.9300 47.0 17.0 10 2
-64.0383 -17.0183 43.0 17.0 10 2
-62.9566 -20.2516 38.0 20.0 10 2
#
-73.5456 -37.6522 63.0 15.6 11 3
#-73.6331 -37.6403 172.0 15.6 11 3
#-69.9167 -19.6833 93.0 15.6 11 3
#-73.5000 -27.4167 79.0 15.6 11 3
-72.8333 -38.5833 89.0 15.6 11 3
-68.37 -27.333 100 15.6 11 3
-68.083 -26.92 105 15.6 11 3
#-66.97 -25.92 190 15.6 11 3
#-67.5 -25.333 135 15.6 11 3
#-67.73 -25.12 205 15.6 11 3
-66.55 -24.37 100 15.6 11 3
-66.45 -24.27 121 15.6 11 3
#-66.35 -24.23 213 15.6 11 3
#-66.67 -24.17 237 15.6 11 3
#-66.48 -24.017 225 15.6 11 3
#
#-76.4116 -47.3933 129.00 12.9 12 1
#-76.3700 -47.3800 116.00 11.6 12 1
#-76.1750 -47.3233 148.00 14.8 12 1
#-76.1367 -47.3167 112.00 11.2 12 1
#-75.7483 -45.9067 116.00 11.6 12 1
#-75.7067 -45.9167 162.00 16.2 12 1
#-75.8816 -45.9083 90.00 9 12 1
#-75.8667 -45.9033 343.00 34.3 12 1
#-75.8650 -45.9033 316.00 31.6 12 1
#-75.8600 -45.9016 194.00 19.4 12 1
#-75.8167 -47.7333 79.00 7.9 12 1
#-75.7983 -47.7333 110.00 11 12 1
#-75.7966 -47.7333 92.00 9.2 12 1
#-75.7633 -47.7416 116.00 11.6 12 1
#-75.7066 -47.7350 132.00 13.2 12 1
#-75.7866 -45.0650 72.00 7.2 12 1
#-75.8300 -45.0716 80.00 8 12 1
#-75.8850 -45.0633 62.00 6.2 12 1
#-75.9300 -45.0766 132.00 13.2 12 1
#-75.8500 -45.9000 219.00 21.9 13 1
#-75.7500 -45.9000 121.00 12.1 13 1
#-75.6900 -45.9000 64.00 6.4 13 1
#-75.7700 -46.2000 143.00 14.3 13 1
#
#-78.3658 -43.1742 119.0 35.7 14 4
#-78.3782 -43.1754 93.4 28.02 14 4
#-78.3900 -43.1770 200.6 60.18 14 4
#-78.4023 -43.1781 84.4 25.32 14 4
#-78.4147 -43.1793 127.5 38.25 14 4
#-78.4263 -43.1811 160.9 48.27 14 4
#-78.4391 -43.1827 126.0 37.8 14 4
#-78.4514 -43.1841 64.4 19.32 14 4
#-78.4634 -43.1858 126.9 38.07 14 4
#-78.4753 -43.1873 78.6 23.58 14 4
#-76.6955 -42.9756 7.0 2.1 14 4
#-76.7070 -42.9770 9.0 2.7 14 4
#-76.7198 -42.9776 13.0 3.9 14 4
#-76.7319 -42.9787 19.0 5.7 14 4
#-76.7438 -42.9797 22.0 6.6 14 4
#-76.7557 -42.9818 45.0 13.5 14 4
#-76.7681 -42.9831 109.0 32.7 14 4
#-76.7807 -42.9848 156.0 46.8 14 4
#-76.7925 -42.9861 160.0 48 14 4
#-76.8046 -42.9876 99.0 29.7 14 4
-75.5778 -42.8408 72.0 21.6 14 4
-75.5659 -42.8394 68.0 20.4 14 4
-75.5540 -42.8380 62.0 18.6 14 4
-75.5416 -42.8365 60.0 18 14 4
-75.5297 -42.8353 59.0 17.7 14 4
-75.5296 -42.8351 59.0 17.7 14 4
#-75.8723 -45.5642 67.1 20.13 14 4
#-75.8841 -45.5676 53.1 15.93 14 4
#-75.8959 -45.5710 69.3 20.79 14 4
#-75.9072 -45.5736 74.3 22.29 14 4
#-75.9198 -45.5781 77.4 23.22 14 4
#-75.9297 -45.5809 129.9 38.97 14 4
#-75.9421 -45.5847 184.6 55.38 14 4
#-75.9560 -45.5883 222.4 66.72 14 4
#-75.9676 -45.5921 218.6 65.58 14 4
#-76.2530 -44.6062 234.3 70.29 14 4
#-76.2646 -44.6085 356.3 106.89 14 4
#-76.2768 -44.6113 387.4 116.22 14 4
#-76.2893 -44.6138 374.0 112.2 14 4
#-76.3013 -44.6161 420.6 126.18 14 4
#-76.3124 -44.6179 438.8 131.64 14 4
#-75.7347 -44.5007 66.7 20.01 14 4
#-75.7474 -44.5044 87.3 26.19 14 4
#-75.7711 -44.5080 85.0 25.5 14 4
#-75.7824 -44.5101 93.7 28.11 14 4
#-75.7944 -44.5133 105.4 31.62 14 4
#-76.3867 -42.9381 118.0 35.4 14 4
#-76.3744 -42.9369 133.0 39.9 14 4
#-76.3623 -42.9351 95.0 28.5 14 4
-75.2062 -42.7928 59.0 17.7 14 4
-75.0739 -40.6802 31.0 9.3 14 4
-75.0624 -40.6793 33.0 9.9 14 4
-75.0504 -40.6781 39.0 11.7 14 4
-75.0383 -40.6769 27.0 8.1 14 4
-75.0262 -40.6753 40.0 12 14 4
-75.0150 -40.6744 47.0 14.1 14 4
#-75.1116 -36.0208 8.0 2.4 14 4
#-75.1008 -36.0223 19.0 5.7 14 4
#-75.0894 -36.0238 61.0 18.3 14 4
#-75.0792 -36.0254 23.0 6.9 14 4
#-75.0681 -36.0268 27.0 8.1 14 4
#-75.0525 -36.0284 19.0 5.7 14 4
#
#-72.4658 -47.2226 104.00 8 15 2
#-72.4745 -47.2480 122.00 12 15 2
#-72.3858 -47.2220 84.00 5 15 2
#-72.5385 -46.6663 95.00 9 15 2
#-72.6083 -46.6783 120.00 9 15 2
#-72.4415 -46.6310 93.00 10 15 2
#-72.1452 -46.5555 117.00 21 15 2
#-72.0652 -46.5103 86.00 19 15 2
-73.7377 -36.2118 52.5 15.75 16 4
-73.7481 -36.2104 41.9 12.57 16 4
-73.7596 -36.2087 42.4 12.72 16 4
-73.7702 -36.2077 41.8 12.54 16 4
-73.7805 -36.2058 42.9 12.87 16 4
-73.7922 -36.2040 42.7 12.81 16 4
-73.8039 -36.2026 33.8 10.14 16 4
-73.8286 -36.1994 37.1 11.13 16 4
-73.8363 -36.1980 39.7 11.91 16 4
-74.1783 -36.1507 19.3 5.79 16 4
-74.1537 -36.1520 20.2 6.06 16 4
-74.1307 -36.1562 21.8 6.54 16 4
-74.1112 -36.1605 20.8 6.24 16 4
-74.0713 -36.1654 33.2 9.96 16 4
-74.0568 -36.1674 41.3 12.39 16 4
-74.0373 -36.1689 59.4 17.82 16 4
-74.0170 -36.1723 45.3 13.59 16 4
-74.0054 -36.1746 55.0 16.5 16 4
-73.9942 -36.1755 48.8 14.64 16 4
-73.9853 -36.1782 58.3 17.49 16 4
-73.9722 -36.1799 49.2 14.76 16 4
#-74.5873 -36.0214 17.1 5.13 16 4
#-74.5977 -36.0198 15.5 4.65 16 4
#-74.6197 -36.0173 11.6 3.48 16 4
#
-72.3564 -33.4719 34.0 10.2 17 4
-72.3374 -33.4781 38.0 11.4 17 4
-72.3181 -33.4814 46.0 13.8 17 4
-72.3014 -33.4842 50.0 15 17 4
-72.2809 -33.4888 57.0 17.1 17 4
-72.2618 -33.4927 53.0 15.9 17 4
-72.2438 -33.4967 52.0 15.6 17 4
-72.2252 -33.5018 55.0 16.5 17 4
-72.2064 -33.5057 59.0 17.7 17 4
-72.1873 -33.0510 68.0 20.4 17 4
-72.1689 -33.5144 85.0 25.5 17 4
-72.1508 -33.5186 95.0 28.5 17 4
-72.1314 -33.5228 114.0 34.2 17 4
-72.4160 -33.4596 34.0 10.2 17 4
-72.3950 -33.4633 34.0 10.2 17 4
-72.3756 -33.4673 37.0 11.1 17 4
-72.2637 -33.5017 51.0 15.3 17 4
-72.2651 -33.5107 56.0 16.8 17 4
-72.2676 -33.5176 55.0 16.5 17 4
-72.2708 -33.5257 54.0 16.2 17 4
-72.2730 -33.5340 56.0 16.8 17 4
-72.2755 -33.5418 58.0 17.4 17 4
-72.2778 -33.5498 56.0 16.8 17 4
-72.2804 -33.5581 57.0 17.1 17 4
-73.2854 -35.2679 40.0 12 17 4
-73.2680 -35.2713 50.0 15 17 4
-73.2490 -35.2767 57.0 17.1 17 4
-73.2289 -35.2810 53.0 15.9 17 4
-73.2098 -35.2870 52.0 15.6 17 4
-73.1914 -35.2927 44.0 13.2 17 4
-73.1721 -35.2985 54.0 16.2 17 4
-73.1534 -35.3039 55.0 16.5 17 4
-73.1324 -35.3104 66.0 19.8 17 4
-73.1148 -35.3160 84.0 25.2 17 4
-73.0945 -35.3209 73.0 21.9 17 4
-73.0756 -35.3256 83.0 24.9 17 4
-73.0563 -35.3316 102.0 30.6 17 4
#-73.0376 -35.3368 142.0 42.6 17 4
-73.5272 -35.9041 120.0 36 17 4
#-73.5394 -35.9038 135.0 40.5 17 4
-73.5562 -35.9044 106.0 31.8 17 4
-73.6725 -35.9046 69.0 20.7 17 4
-73.3972 -35.9043 69.0 20.7 17 4
#-77.0833 -16.0000 11.72 1.172 18 1
#-75.8167 -18.0500 64.48 6.448 18 1
#-73.9333 -18.0167 11.72 1.172 18 1
#-73.2833 -20.0500 65.32 6.532 18 1
#-71.7500 -21.2500 5.02 0.502 18 1
#-78.9667 -24.4000 49.41 4.941 18 1
#-82.5000 -24.9667 26.38 2.638 18 1
#-88.2333 -23.9667 48.57 4.857 18 1
#-95.1667 -22.6667 178.82 17.882 18 1
#-94.1333 -22.6667 52.34 5.234 18 1
#-93.1667 -22.6500 117.65 11.765 18 1
#-91.7500 -22.6333 111.37 11.137 18 1
#-90.3000 -22.2333 86.67 8.667 18 1
#-91.5500 -22.6667 39.78 3.978 18 1
#-92.5500 -21.8000 54.85 5.485 18 1
#-95.3000 -21.8167 110.54 11.054 18 1
#-95.9333 -21.8333 122.26 12.226 18 1
#-98.1167 -21.8333 20.93 2.093 18 1
#-97.5333 -20.5000 82.07 8.207 18 1
#-98.4667 -20.5000 11.72 1.172 18 1
#-95.4333 -20.5000 73.69 7.369 18 1
#-93.9500 -19.9667 36.00 3.6 18 1
#-98.2667 -18.1167 157.31 15.731 18 1
#-100.100 -17.7000 115.97 11.597 18 1
#-100.967 -17.5000 166.22 16.622 18 1
#-99.5000 -16.9500 15.07 1.507 18 1
#-98.6333 -16.9167 72.02 7.202 18 1
#-97.1000 -16.8667 118.07 11.807 18 1
#-95.8000 -16.8000 54.43 5.443 18 1
#-93.6333 -16.7333 154.08 15.408 18 1
#-91.7167 -16.6833 34.33 3.433 18 1
#-89.8667 -16.6667 46.06 4.606 18 1
#-87.7833 -16.5833 106.35 10.635 18 1
#-82.6833 -02.5333 116.81 11.681 18 1
#-85.6667 -05.6000 12.14 1.214 18 1
#-83.8667 -08.0333 44.38 4.438 18 1
#-82.2167 -18.1933 69.09 6.909 18 1
#-78.1500 -16.7500 27.22 2.722 18 1
#-79.1667 -17.9667 52.34 5.234 18 1
#-73.8500 -21.3667 25.54 2.554 18 1
-71.3500 -23.3667 9.63 0.963 18 1
#-87.1500 -21.8167 64.48 6.448 18 1
#-90.9500 -21.4667 152.41 15.241 18 1
#-109.683 -22.3167 57.78 5.778 18 1
#-115.467 -24.5833 156.59 15.659 18 1
#-123.400 -27.4667 157.43 15.743 18 1
#-120.083 -26.9167 43.54 4.354 18 1
#-117.316 -25.9667 398.18 39.818 18 1
#-116.750 -23.5333 43.12 4.312 18 1
#-109.416 -25.5333 89.60 8.96 18 1
#-101.216 -26.9000 94.21 9.421 18 1
#-96.3000 -27.7500 46.06 4.606 18 1
#-98.9167 -28.1833 71.60 7.16 18 1
#-82.1000 -29.9667 86.67 8.667 18 1
#-74.9333 -31.1000 32.66 3.266 18 1
-72.6167 -31.4167 31.40 3.14 18 1
#-90.4667 -01.8333 139.43 13.943 18 1
#-92.0833 -03.8000 43.34 4.334 18 1
#-92.0833 -07.5167 41.87 4.187 18 1
#-98.7166 -07.7000 14.65 1.465 18 1
#-101.583 -07.1167 134.82 13.482 18 1
#-104.733 -06.3167 253.73 25.373 18 1
#-106.766 -05.5167 302.72 30.272 18 1
#-109.416 -04.7166 36.43 3.643 18 1
#-114.016 -04.9500 38.94 3.894 18 1
#
-66.923 -33.481 55.85 5.58 19 2
-61.957 -26.854 65.60 6.56 19 2
-66.775 -33.758 60.46 6.05 19 2
-66.795 -33.759 54.12 5.41 19 2
-68.194 -30.083 37.45 3.75 19 2
-62.105 -33.122 55.89 5.59 19 2
-62.772 -26.544 67.50 6.75 19 2
-61.775 -29.908 53.47 5.35 19 2
-61.832 -26.462 59.97 6.00 19 2
-66.615 -33.812 65.97 6.60 19 2
-62.395 -26.043 68.37 6.84 19 2
-64.783 -26.783 100.76 10.08 19 2
-66.680 -33.203 57.98 5.80 19 2
-61.549 -27.358 73.31 7.33 19 2
-63.970 -33.951 49.61 4.96 19 2
-68.596 -29.510 42.21 4.22 19 2
-67.585 -34.758 65.34 6.53 19 2
-61.996 -31.430 52.77 5.28 19 2
-61.128 -27.054 58.73 5.87 19 2
-61.260 -28.429 62.07 6.21 19 2
-68.460 -30.281 54.01 5.40 19 2
-67.150 -31.800 64.03 6.40 19 2
-64.024 -26.338 73.08 7.31 19 2
-64.136 -26.259 78.38 7.84 19 2
-62.652 -25.760 73.71 7.37 19 2
-67.116 -34.024 74.73 7.47 19 2
-67.160 -33.977 75.40 7.54 19 2
-63.149 -28.354 65.05 6.50 19 2
#-58.392 -26.009 49.86 4.99 19 2
-68.593 -30.797 39.27 3.93 19 2
-68.584 -30.442 44.55 4.45 19 2
#-59.787 -32.398 63.63 6.36 19 2
-63.752 -25.393 69.34 6.93 19 2
-62.827 -32.850 58.48 5.85 19 2
-60.072 -26.408 53.87 5.39 19 2
#-59.054 -25.683 57.71 5.77 19 2
-68.367 -29.972 43.78 4.38 19 2
-69.347 -35.422 71.82 7.18 19 2
-66.960 -33.286 71.67 7.17 19 2
-62.863 -24.129 77.09 7.71 19 2
-62.069 -32.509 51.05 5.11 19 2
-66.978 -31.382 52.81 5.28 19 2
-68.856 -32.282 47.91 4.79 19 2
-62.956 -28.864 60.15 6.01 19 2
-66.680 -34.056 70.41 7.04 19 2

-69.894 -26.753 26.32 0.20 20 2 
-69.895 -26.754 28.56 1.02 20 2
-69.895 -26.756 25.09 0.61 20 2
-69.894 -26.756 29.78 0.61 20 2
-70.617 -27.980 23.05 0.41 20 2
-70.910 -28.666 13.46 0.02 20 2
