-68.2316  -23.2800  17.0
-70.1816  -22.6783  24.9
-70.0933  -23.4333  55.0
-68.9150  -22.3716  47.0
-68.9133  -22.8183 150.0
-69.0783  -24.2650  38.0
-63.4183  -18.8800  40.0
-64.3483  -22.6816  39.0
-63.4883  -21.1233  38.0
-63.5633  -20.0833  21.0
-63.5466  -17.5300  36.0
-64.2616  -17.0550  42.0
-63.2683  -17.5183  43.0
-63.2200  -19.3000  40.0
-63.5783  -20.2650  38.0
-63.5983  -21.9916  55.0
-63.9466  -20.0416  32.0
-62.9333  -17.5450  54.0
-62.2900  -17.9950  37.0
-63.1000  -21.1733  49.0
-62.9650  -17.9716  38.0
-63.2150  -20.7616  43.0
-62.9066  -18.1600  43.0
-63.2833  -18.4866  39.0
-63.5283  -19.1400  36.0
-62.2216  -18.3750  45.0
-63.2883  -21.0783  42.0
-63.1850  -20.9300  47.0
-64.0383  -17.0183  43.0
-62.9566  -20.2516  37.0  
