-78.3658  -43.1742 119.0
-78.3782  -43.1754  93.4
-78.3900  -43.1770 200.6
-78.4023  -43.1781  84.4
-78.4147  -43.1793 127.5
-78.4263  -43.1811 160.9
-78.4391  -43.1827 126.0
-78.4514  -43.1841  64.4
-78.4634  -43.1858 126.9
-78.4753  -43.1873  78.6
-76.6955  -42.9756   7.0
-76.7070  -42.9770   9.0
-76.7198  -42.9776  13.0
-76.7319  -42.9787  19.0
-76.7438  -42.9797  22.0
-76.7557  -42.9818  45.0
-76.7681  -42.9831 109.0
-76.7807  -42.9848 156.0
-76.7925  -42.9861 160.0
-76.8046  -42.9876  99.0
-75.5778  -42.8408  72.0
-75.5659  -42.8394  68.0
-75.5540  -42.8380  62.0
-75.5416  -42.8365  60.0
-75.5297  -42.8353  59.0
-75.5296  -42.8351  59.0
-75.8723  -45.5642  67.1
-75.8841  -45.5676  53.1
-75.8959  -45.5710  69.3
-75.9072  -45.5736  74.3
-75.9198  -45.5781  77.4
-75.9297  -45.5809 129.9
-75.9421  -45.5847 184.6
-75.9560  -45.5883 222.4
-75.9676  -45.5921 218.6
-76.2530  -44.6062 234.3
-76.2646  -44.6085 356.3
-76.2768  -44.6113 387.4
-76.2893  -44.6138 374.0
-76.3013  -44.6161 420.6
-76.3124  -44.6179 438.8
-75.7347  -44.5007  66.7
-75.7474  -44.5044  87.3
-75.7711  -44.5080  85.0
-75.7824  -44.5101  93.7
-75.7944  -44.5133 105.4
-76.3867  -42.9381 118.0
-76.3744  -42.9369 133.0
-76.3623  -42.9351  95.0
-75.2062  -42.7928  59.0
-75.0739  -40.6802  31.0
-75.0624  -40.6793  33.0
-75.0504  -40.6781  39.0
-75.0383  -40.6769  27.0
-75.0262  -40.6753  40.0
-75.0150  -40.6744  47.0
-75.1116  -36.0208   8.0
-75.1008  -36.0223  19.0
-75.0894  -36.0238  61.0
-75.0792  -36.0254  23.0
-75.0681  -36.0268  27.0
-75.0525  -36.0284  19.0
