-73.7377  -36.2118  52.5
-73.7481  -36.2104  41.9
-73.7596  -36.2087  42.4
-73.7702  -36.2077  41.8
-73.7805  -36.2058  42.9
-73.7922  -36.2040  42.7
-73.8039  -36.2026  33.8
-73.8286  -36.1994  37.1
-73.8363  -36.1980  39.7
-74.1783  -36.1507  19.3
-74.1537  -36.1520  20.2
-74.1307  -36.1562  21.8
-74.1112  -36.1605  20.8
-74.0713  -36.1654  33.2
-74.0568  -36.1674  41.3
-74.0373  -36.1689  59.4
-74.0170  -36.1723  45.3
-74.0054  -36.1746  55.0
-73.9942  -36.1755  48.8
-73.9853  -36.1782  58.3
-73.9722  -36.1799  49.2
-74.5873  -36.0214  17.1
-74.5977  -36.0198  15.5
-74.6197  -36.0173  11.6  
