-76.7500  -10.4833  17.00
-76.6000  -12.6833  35.00
-70.7667  -17.0667  57.00
-71.5667  -16.5500  44.00
-76.2333  -11.6500 196.00
-81.2833  -04.6167  35.00
-81.2667  -04.4500  28.00
-81.1667  -04.2833  37.00
-70.6500  -17.2667  66.00
-73.7500  -15.5167  44.00
-71.3500  -14.9000  32.00
-79.1167  -06.5833  39.00
-75.9347  -02.4844  52.00
-75.0500  -03.8500  50.00
-75.3833  -03.4000  53.00
-74.9333  -04.9000  55.00
-76.1333  -05.8167  55.00
-69.5667  -26.2500  75.00
-70.3000  -26.5333  10.00
-70.3500  -27.1000  36.00
-70.3833  -27.2667  36.00
-70.8833  -28.0833  21.00
-70.7167  -28.0833  23.00 
-70.7500  -33.3333  79.00
-70.1667  -33.4667  61.00
-69.0000  -54.0000  96.00
-68.7500  -33.2500  63.00
-66.5833  -21.0333   75.00
-67.7333  -16.4167   68.00
-68.5000  -17.1833  183.00
-68.2333  -17.5667   73.00
-66.8167  -18.1667   90.00
-66.5833  -18.4167   66.00
-69.0167  -15.7833   99.00
-69.0500  -15.7667  106.00
-66.1333  -21.1667   94.00
-66.6833  -22.1856   94.00
-66.0667  -20.9000   70.00
-67.1833  -19.3833   83.00
-66.0500  -21.2500   70.00
-66.8333  -18.4667  109.00
-66.8333  -18.2833  112.00
-67.1333  -17.3833   75.00
-63.2167  -19.3000   54.00
-63.5667  -20.0167   33.00
-63.5183  -20.4189   55.00
-63.1833  -20.9333   50.00
-63.4500  -20.9833   47.00
-64.2833  -22.7667   27.00
-63.0019  -17.9342   53.00
-63.5333  -17.5333   50.00
-63.2667  -17.5167   56.00
-64.0667  -17.1000   59.00
