-80.5097  -08.4565  58.10
-60.5055  -08.4627  59.50
-80.5020  -08.4605  58.30
-80.4982  -08.4583  79.70
-80.4943  -08.4553 110.30
-80.4908  -08.4531  56.00
-80.4874  -08.4515  72.20
-80.4833  -08.4481  73.00
-80.4792  -08.4453  82.00
-80.4758  -08.4428  57.70
-80.4720  -08.4418  72.70
-80.4680  -08.4380  51.60
-80.4025  -08.3953  47.00
-80.3935  -08.3897  36.40
-80.3882  -08.3852  36.80
-80.3803  -08.3805  33.60
-80.3737  -08.3748  31.50
-80.3585  -08.3697  29.70
-80.3577  -08.3645  23.90
-80.3500  -08.3595  22.80
-80.2570  -08.2975 218.60
-80.2645  -08.3022  46.00
-80.2723  -08.3075  31.80
-80.2788  -08.3123  17.80
-80.6335  -08.3207  37.10
-80.6420  -08.3240  37.70
-80.6623  -08.3278  37.70
-80.6588  -08.3310  37.90
-80.6673  -08.3343  37.30
-80.6767  -08.3382  33.90
-80.6835  -08.3415  33.30
-80.6922  -08.3448  38.90
-80.7008  -08.3483  30.40
-80.7177  -08.3553  37.20
-80.7350  -08.3620  37.40
-78.8781  -11.1865  59.10
-78.6820  -11.1145  35.90
-78.6773  -11.1128  41.10
-78.6688  -11.1088  34.70
-78.9574  -11.5827  48.40
-78.9502  -11.5771  45.10
-78.9432  -11.5712  42.30
-78.9362  -11.5659  47.10
-78.9289  -11.5599  51.70
-78.9218  -11.5707  52.00
-78.9065  -11.5418  55.40