-2.975848579640298652e+01
-2.864320994835514966e+01
-2.752793410030731636e+01
-2.641265825225947950e+01
-2.529738240421164264e+01
-2.418210655616380933e+01
-2.306683070811596892e+01
-2.195155486006813206e+01
-2.083627901202029520e+01
-1.972100316397246900e+01
-1.860572731592462503e+01
-1.749045146787678462e+01
-1.637517561982895131e+01
-1.525989977178111978e+01
-1.414462392373327582e+01
-1.302934807568544784e+01
-1.191407222763760565e+01
-1.079879637958976879e+01
-9.683520531541939036e+00
-8.568244683494095071e+00
-7.452968835446263540e+00
-6.337692987398427569e+00
-5.222417139350588045e+00
-4.107141291302751185e+00
-2.991865443254912993e+00
-1.876589595207080574e+00
-7.613137471592438255e-01
3.539621008885947551e-01
1.469237948936432225e+00
2.584513796984267753e+00
3.699789645032099727e+00
