3.617177924268620615e+01
3.521384619065480592e+01
3.427048585569605876e+01
3.334293516355059239e+01
3.243255058031848392e+01
3.154081857304906578e+01
3.066936619266821040e+01
2.981997143444081644e+01
2.899457289443416030e+01
2.819527807274382880e+01
2.742436947601429154e+01
2.668430744845074898e+01
2.597772842530394755e+01
2.530743708009860171e+01
2.467639066549963900e+01
2.408767378304655438e+01
2.354446192992063658e+01
2.304997254118535110e+01
2.260740294722545585e+01
2.221985574156460075e+01
2.189025348465766996e+01
2.162124634145996538e+01
2.141511793996305713e+01
2.127369612210964078e+01
2.119827597466596814e+01
2.118956226988281344e+01
2.124763707731486306e+01
2.137195594320352043e+01
2.156137304524185794e+01
2.181419266539184676e+01
2.212824175072414690e+01
