-3.842837261995123299e+01 -3.619782092385555217e+01 -3.396726922775988555e+01 -3.173671753166420473e+01 -2.950616583556853101e+01 -2.727561413947285729e+01 -2.504506244337718712e+01 -2.281451074728151340e+01 -2.058395905118583968e+01 -1.835340735509017307e+01 -1.612285565899449935e+01 -1.389230396289882030e+01 -1.166175226680315014e+01 -9.431200570707478192e+00 -7.200648874611806249e+00 -4.970097178516136083e+00
-3.761785782626736108e+01 -3.538730613017168736e+01 -3.315675443407602074e+01 -3.092620273798033992e+01 -2.869565104188466620e+01 -2.646509934578899603e+01 -2.423454764969331876e+01 -2.200399595359764859e+01 -1.977344425750197843e+01 -1.754289256140630471e+01 -1.531234086531063099e+01 -1.308178916921495905e+01 -1.085123747311928533e+01 -8.620685777023611607e+00 -6.390134080927941440e+00 -4.159582384832267721e+00
-3.680734303258348916e+01 -3.457679133648782965e+01 -3.234623964039214883e+01 -3.011568794429647511e+01 -2.788513624820080139e+01 -2.565458455210513478e+01 -2.342403285600945750e+01 -2.119348115991378023e+01 -1.896292946381811362e+01 -1.673237776772243990e+01 -1.450182607162676618e+01 -1.227127437553109246e+01 -1.004072267943541874e+01 -7.810170983339747686e+00 -5.579619287244076631e+00 -3.349067591148405132e+00
-3.599682823889963146e+01 -3.376627654280395063e+01 -3.153572484670828402e+01 -2.930517315061260319e+01 -2.707462145451694013e+01 -2.484406975842126641e+01 -2.261351806232558914e+01 -2.038296636622991542e+01 -1.815241467013424526e+01 -1.592186297403857687e+01 -1.369131127794290137e+01 -1.146075958184722765e+01 -9.230207885751553931e+00 -6.999656189655881100e+00 -4.769104493560210045e+00 -2.538552797464538546e+00
-3.518631344521576665e+01 -3.295576174912008582e+01 -3.072521005302441921e+01 -2.849465835692874549e+01 -2.626410666083306822e+01 -2.403355496473740160e+01 -2.180300326864172078e+01 -1.957245157254605061e+01 -1.734189987645038045e+01 -1.511134818035471028e+01 -1.288079648425903834e+01 -1.065024478816335929e+01 -8.419693092067689122e+00 -6.189141395972015403e+00 -3.958589699876343904e+00 -1.728038003780672183e+00
-3.437579865153189473e+01 -3.214524695543622101e+01 -2.991469525934055085e+01 -2.768414356324487713e+01 -2.545359186714920696e+01 -2.322304017105352969e+01 -2.099248847495785952e+01 -1.876193677886218580e+01 -1.653138508276651208e+01 -1.430083338667084369e+01 -1.207028169057516997e+01 -9.839729994479494479e+00 -7.609178298383822536e+00 -5.378626602288147041e+00 -3.148074906192477318e+00 -9.175232100968053750e-01
-3.356528385784803703e+01 -3.133473216175236331e+01 -2.910418046565668249e+01 -2.687362876956101232e+01 -2.464307707346533860e+01 -2.241252537736966488e+01 -2.018197368127399116e+01 -1.795142198517832099e+01 -1.572087028908264905e+01 -1.349031859298698066e+01 -1.125976689689130517e+01 -9.029215200795633223e+00 -6.798663504699957727e+00 -4.568111808604284896e+00 -2.337560112508612953e+00 -1.070084164129418564e-01
-3.275476906416416512e+01 -3.052421736806849140e+01 -2.829366567197282478e+01 -2.606311397587714751e+01 -2.383256227978147734e+01 -2.160201058368580362e+01 -1.937145888759012990e+01 -1.714090719149445619e+01 -1.491035549539878247e+01 -1.267980379930311408e+01 -1.044925210320744213e+01 -8.218700407111766637e+00 -5.988148711016092918e+00 -3.757597014920422307e+00 -1.527045318824749254e+00 7.035063772709203578e-01
-3.194425427048030031e+01 -2.971370257438462659e+01 -2.748315087828895997e+01 -2.525259918219328270e+01 -2.302204748609760898e+01 -2.079149579000193526e+01 -1.856094409390626510e+01 -1.633039239781058782e+01 -1.409984070171491766e+01 -1.186928900561924927e+01 -9.638737309523577323e+00 -7.408185613427900051e+00 -5.177633917332226332e+00 -2.947082221236555721e+00 -7.165305251408834453e-01 1.514021170954785722e+00
-3.113373947679643194e+01 -2.890318778070076178e+01 -2.667263608460509516e+01 -2.444208438850941789e+01 -2.221153269241374417e+01 -1.998098099631807401e+01 -1.775042930022239673e+01 -1.551987760412672301e+01 -1.328932590803105462e+01 -1.105877421193538446e+01 -8.828222515839712514e+00 -6.597670819744033466e+00 -4.367119123648361523e+00 -2.136567427552688692e+00 9.398426854298320976e-02 2.324535964638652530e+00
-3.032322468311257069e+01 -2.809267298701690052e+01 -2.586212129092122680e+01 -2.363156959482555308e+01 -2.140101789872987581e+01 -1.917046620263420920e+01 -1.693991450653853192e+01 -1.470936281044285820e+01 -1.247881111434718804e+01 -1.024825941825151787e+01 -8.017707722155845929e+00 -5.787156026060168656e+00 -3.556604329964497602e+00 -1.326052633868824771e+00 9.044990622268469505e-01 3.135050758322516895e+00
-2.951270988942870588e+01 -2.728215819333303571e+01 -2.505160649723736199e+01 -2.282105480114168827e+01 -2.059050310504601455e+01 -1.835995140895034439e+01 -1.612939971285467067e+01 -1.389884801675899695e+01 -1.166829632066332501e+01 -9.437744624567654839e+00 -7.207192928471981119e+00 -4.976641232376305624e+00 -2.746089536280633681e+00 -5.155378401849628478e-01 1.715013855910712426e+00 3.945565552006383481e+00
-2.870219509574484107e+01 -2.647164339964917090e+01 -2.424109170355349718e+01 -2.201054000745782346e+01 -1.977998831136215330e+01 -1.754943661526647958e+01 -1.531888491917080053e+01 -1.308833322307513036e+01 -1.085778152697945842e+01 -8.627229830883788253e+00 -6.396678134788116310e+00 -4.166126438692439038e+00 -1.935574742596765763e+00 2.949769534989038489e-01 2.525528649594579012e+00 4.756080345690249622e+00
-2.789168030206097981e+01 -2.566112860596530254e+01 -2.343057690986962882e+01 -2.120002521377395510e+01 -1.896947351767828138e+01 -1.673892182158261122e+01 -1.450837012548693572e+01 -1.227781842939126555e+01 -1.004726673329559183e+01 -7.816715037199925220e+00 -5.586163341104249724e+00 -3.355611645008575117e+00 -1.125059948912900509e+00 1.105491747182771656e+00 3.336043443278442044e+00 5.566595139374112655e+00
-2.708116550837711500e+01 -2.485061381228144128e+01 -2.262006211618576756e+01 -2.038951042009009385e+01 -1.815895872399442013e+01 -1.592840702789874996e+01 -1.369785533180307446e+01 -1.146730363570739719e+01 -9.236751939611730577e+00 -7.006200243516060411e+00 -4.775648547420387580e+00 -2.545096851324710752e+00 -3.145451552290377539e-01 1.916006540866633578e+00 4.146558236962307298e+00 6.377109933057981905e+00
-2.627065071469324309e+01 -2.404009901859757292e+01 -2.180954732250190276e+01 -1.957899562640622548e+01 -1.734844393031055532e+01 -1.511789223421488337e+01 -1.288734053811920610e+01 -1.065678884202353238e+01 -8.426237145927863992e+00 -6.195685449832194713e+00 -3.965133753736520994e+00 -1.734582057640842834e+00 4.959696384548288872e-01 2.726521334550499720e+00 4.957073030646174772e+00 7.187624726741842274e+00
