4.354154408601360160e+01 4.146244410590221463e+01 3.941748381405739821e+01 3.741226187205874254e+01 3.545352162608299551e+01 3.354940539196460492e+01 3.170975493082914909e+01 2.994645325489674192e+01 2.827378850592539550e+01 2.670879479803413048e+01 2.527148337167415093e+01 2.398481964080036732e+01 2.287423930438464126e+01 2.196646588467064376e+01 2.128746044802328186e+01 2.085957502792239637e+01
4.282853363994063756e+01 4.076044147676428508e+01 3.872827693261781690e+01 3.673800250576997684e+01 3.479680691118073099e+01 3.291337514551861432e+01 3.109820420668853558e+01 2.936395571866588838e+01 2.772581892695423633e+01 2.620182673113363592e+01 2.481302001131778212e+01 2.358329385966632330e+01 2.253870195056287429e+01 2.170598929136495414e+01 2.111024409553345293e+01 2.077186533715190464e+01
4.212005595082155907e+01 4.006359313299214620e+01 3.804496583395949472e+01 3.607052681960669815e+01 3.414794186969984224e+01 3.228647568231077969e+01 3.049732183632038485e+01 2.879396317889174384e+01 2.719252730185732503e+01 2.571206556721474001e+01 2.437463106508190691e+01 2.320496741089231918e+01 2.222957342545970150e+01 2.147493669305794484e+01 2.096490940642007317e+01 2.071756491539407108e+01
4.141634363452058665e+01 3.937217275272841732e+01 3.736787395135424106e+01 3.541021842877447057e+01 3.350738252771099468e+01 3.166924924431894439e+01 2.990775084647545867e+01 2.823723291766602728e+01 2.667479398521764011e+01 2.524051296263006705e+01 2.395741856367672185e+01 2.285099260446510172e+01 2.194796963135879508e+01 2.127426680345034882e+01 2.085212301578289740e+01 2.069693672169648480e+01
4.071764376783846018e+01 3.868647136939463849e+01 3.669734553317171333e+01 3.475748581964202089e+01 3.287561438178531859e+01 3.106227246375727802e+01 2.933017336125289631e+01 2.769456476179426829e+01 2.617354226016985308e+01 2.478820809780708956e+01 2.356250742410691501e+01 2.252251763630365744e+01 2.169496241987383556e+01 2.110484629836186343e+01 2.077241510539472458e+01 2.071008137356768941e+01
4.002421885753727082e+01 3.800679852288056537e+01 3.603374698691829536e+01 3.411276387265126431e+01 3.225315403647979196e+01 3.046615795807104732e+01 2.876531184094813653e+01 2.716680141355360334e+01 2.568973689891620538e+01 2.435622331116276484e+01 2.319103695798295561e+01 2.222067338190826646e+01 2.147156270651892385e+01 2.096743269287190259e+01 2.072616731467409679e+01 2.075693470956703734e+01
3.933634786691613527e+01 3.733348347130535672e+01 3.537746827930222793e+01 3.347651542140332026e+01 3.164055082993156631e+01 2.988155581691028573e+01 2.821393004195586229e+01 2.665482822944550279e+01 2.522438178877181514e+01 2.394565836359096167e+01 2.284415070562956984e+01 2.194655867357864309e+01 2.127870303659873841e+01 2.086265844474992193e+01 2.071360376661785452e+01 2.083726934543507525e+01
3.865432730054394739e+01 3.666687646153089730e+01 3.472892438571016527e+01 3.284923283255168514e+01 3.103838841727481324e+01 2.930915492728612293e+01 2.767683361075311410e+01 2.615957232140040389e+01 2.477851647123885570e+01 2.355763320344267697e+01 2.252298459210160431e+01 2.170122431753009451e+01 2.111722017641254467e+01 2.079101700817020060e+01 2.073478569082816492e+01 2.095070013652846086e+01
3.797847234694493324e+01 3.600735005506034270e+01 3.408855677970625919e+01 3.223143958644220675e+01 3.044728627417066846e+01 2.874968407241621193e+01 2.715487021183849592e+01 2.568200084369318859e+01 2.435321144335453880e+01 2.319327913490506177e+01 2.222865348171415079e+01 2.148565622330943015e+01 2.098783838888511966e+01 2.075285152178601678e+01 2.078960994074311941e+01 2.109669324436428184e+01
3.730911807798858604e+01 3.535530050402182667e+01 3.345683494979297734e+01 3.162369183288541308e+01 2.986790107423904672e+01 2.820391272811929184e+01 2.664892907652801313e+01 2.522311832093493678e+01 2.394956208145691079e+01 2.285372834158238575e+01 2.196223630425065920e+01 2.130075813233549908e+01 2.089115410158999708e+01 2.074834671813916387e+01 2.087781148807182774e+01 2.127457831973230284e+01
3.664662070241227099e+01 3.471114916955737328e+01 3.283425792661781628e+01 3.102657988995368754e+01 2.930092788461322328e+01 2.767265146830969513e+01 2.615993984758743096e+01 2.478396286972395401e+01 2.356868107005416846e+01 2.254010178308021040e+01 2.172476003450704596e+01 2.114733453364335958e+01 2.082762267649257737e+01 2.077752449129785717e+01 2.099896975506725028e+01 2.148356317554394934e+01
3.599135886925079575e+01 3.407534397203329490e+01 3.222135579899126157e+01 3.044072964620922406e+01 2.874710111328836959e+01 2.715675187862612106e+01 2.568887058499287690e+01 2.436560117098228062e+01 2.321168925498199087e+01 2.225349556523495664e+01 2.151718292039247160e+01 2.102607443016739452e+01 2.079754793748197983e+01 2.084024336797424937e+01 2.115251843673798504e+01 2.172275023914555092e+01
3.534373501490000535e+01 3.344836085898764821e+01 3.161869119141804063e+01 2.986680381827069297e+01 2.820719513059554373e+01 2.665710586518216374e+01 2.523672479215907671e+01 2.396912206398967982e+01 2.287970489226882620e+01 2.199496598205585940e+01 2.134037746390375645e+01 2.093753665567178146e+01 2.080107500272329801e+01 2.093620191166136735e+01 2.133775829037337601e+01 2.199115404853858280e+01
3.470417674504447803e+01 3.283070527255350157e+01 3.102686066927931563e+01 2.930550300616051373e+01 2.768202447533245447e+01 2.617464423478074664e+01 2.480453732157463165e+01 2.359562865899206940e+01 2.257383133285794941e+01 2.176551353474580353e+01 2.119511375231796890e+01 2.088213743063208838e+01 2.083818680992964545e+01 2.106494587068425162e+01 2.155387224374779365e+01 2.228771908519033218e+01
3.407313823965513677e+01 3.222291359317210180e+01 3.044649603029932550e+01 2.875756647855730819e+01 2.717244354433118403e+01 2.571033441491377047e+01 2.439336902601084489e+01 2.324622890507627559e+01 2.229514326778087252e+01 2.156606634298794134e+01 2.108204380142142753e+01 2.086014077938015632e+01 2.090870452662425549e+01 2.122587868106779396e+01 2.179994210406878352e+01 2.261133730794589525e+01
3.345110166564860066e+01 3.162555453066939748e+01 2.987826543249693145e+01 2.822377260914545616e+01 2.667934565326463670e+01 2.526517717799747587e+01 2.400430003854412320e+01 2.292202460518936391e+01 2.204467175570950843e+01 2.139746346623025275e+01 2.100168759685639586e+01 2.087165231118172670e+01 2.101229182258268580e+01 2.141827477252790857e+01 2.207496613771461824e+01 2.296086485493525942e+01
