-1.288079648425903834e+01
-1.167925970800009416e+01
-1.054318638118490092e+01
-9.464174514408231431e+00
-8.435778038406372303e+00
-7.452968835446263540e+00
-6.511743778526525084e+00
-5.608844255237516840e+00
-4.741557654164854085e+00
-3.907576959146170203e+00
-3.104901120199504039e+00
-2.331763979235577544e+00
-1.586583224899707822e+00
-8.679234423610070470e-01
-1.744691206651508841e-01
4.949952763677309964e-01
1.141600207480102380e+00
1.766402351126897363e+00
2.370393314455461642e+00
2.954506471653754573e+00
3.519622441760062337e+00
