2.356250742410691856e+01
2.305632928272231297e+01
2.264416909818180912e+01
2.231727468578442597e+01
2.206819048890041302e+01
2.189025348465766996e+01
2.177729306939250264e+01
2.172346833741784877e+01
2.172319410075684942e+01
2.177112069698941710e+01
2.186214307919649968e+01
2.199142261511310181e+01
2.215441100615393921e+01
2.234687015963379153e+01
2.256488499603286613e+01
2.280486829113753799e+01
2.306355796501867417e+01
2.333800794282837643e+01
2.362557400732377388e+01
2.392389608827681968e+01
2.423087830297493639e+01
